BOVINE micro 2141.0 31 2.742233909172896 0.7991682996555344 0.5731309296867538 0.2550717904678375 0.6673231056151114 6.0059079505360025
BOVINE micro 2496.0 44 5.192073438143628 1.0085635372978052 0.7918360984486423 0.30288557441042635 0.7643356122054096 7.6433561220540955
BOVINE micro 2146.0 39 3.1102858262547723 0.39663766668773637 0.6138720234451884 0.1450837505891762 0.6349035717879742 5.714132146091767
BOVINE micro 10580.0 44 2.735027214910407 0.4452219525677498 0.5722937706072021 0.1599345497729763 0.6173318448000784 6.790650292800863
BOVINE micro 3501.0 28 4.573399675707974 0.7125037542761767 0.7461201879926188 0.23363153225768354 0.6897166537946411 7.586883191741052
BOVINE micro 5450.0 21 3.264317327351858 0.9892379505559977 0.6298495150593401 0.29868673608192237 0.6587886973919477 7.246675671311424
BOVINE micro 4037.0 32 3.9086864836075317 0.9293377191899663 0.690965294722126 0.28540825498606365 0.6793930408111614 6.793930408111613
BOVINE micro 3094.0 50 5.130624436928948 0.32025466799271207 0.7875047119900329 0.12065771168781324 0.6643284101650483 6.643284101650483
BOVINE micro 1646.0 60 3.3611130941332235 0.8579207067958697 0.6395973491180812 0.2690271750312256 0.7140892211934846 5.712713769547877
BOVINE micro 2435.0 109 6.016640747873468 1.0852664340436677 0.8461292412131192 0.3191615525675542 0.7874776636724654 7.087298973052189
BOVINE micro 941.0 38 5.674374588057336 1.867196793638322 0.8244105770507322 0.45745750231449406 0.8479386748718372 7.631448073846535
BOVINE micro 1451.0 47 5.344860814372335 1.4636709412320075 0.8024220995255917 0.3915827010774223 0.7994701992596115 7.195231793336504
BOVINE micro 1139.0 45 5.692452163390491 1.2334479976400536 0.8255852756005031 0.348975845054605 0.7729670445624037 6.956703401061634
BOVINE micro 1053.0 55 2.5925258138820837 0.8909852351504299 0.5553998974148278 0.2766881378784993 0.6998700724838331 4.899090507386832
BOVINE micro 3128.0 35 4.263037806254898 0.6091950583251277 0.7212364897187618 0.20660869022694947 0.6872172223465738 6.872172223465738
BOVINE micro 2851.0 11 2.7734924449935145 0.8263296747934 0.5767434848161113 0.26157917572857375 0.6434408714548748 7.077849586003623
