LAUB micro 401.0 75 6.009742843148777 2.1990371313864316 0.8457020858910519 0.5050192809914671 0.8721992458937299 6.1053947212561095
LAUB micro 36.0 17 1.971112887066398 1.285619969657311 0.47291915308223365 0.3590040218593245 0.6372873233245355 1.274574646649071
LAUB micro 1065.0 136 7.671234887878371 1.6682572992526732 0.9380809506251607 0.42622770615071726 0.8569560054380541 6.8556480435044325
LAUB micro 1137.0 282 12.574327870777582 1.385112139391419 1.1327183348178622 0.3775088028201554 0.8637538070596437 6.046276649417505
LAUB micro 897.0 247 11.27937591204212 1.4929477917032814 1.0891762947494616 0.39671318343253625 0.8691311415203896 6.083917990642727
LAUB micro 1102.0 264 5.053504876510477 1.2999203302291082 0.7820068966019089 0.36171279221709535 0.7837870341409889 3.9189351707049447
LAUB micro 834.0 167 7.409402014300174 1.5190727078138837 0.9247651145704369 0.40124070268932377 0.8488915829582168 5.942241080707517
LAUB micro 961.0 223 7.623518075928782 1.4451093574495573 0.9356844780359632 0.3882982877029163 0.8254703356160231 4.952822013696139
LAUB micro 662.0 245 14.482390502358932 2.124684206215465 1.189838017188668 0.4948061322630821 0.906943035194816 6.348601246363712
LAUB micro 1046.0 138 7.524683472350832 1.632829489470249 0.930678262296385 0.42042273370536876 0.8496855680462887 6.79748454437031
LAUB micro 1115.0 243 6.401600037288727 1.3811127185327754 0.8693256132784697 0.3767799547824902 0.81379342044356 4.88276052266136
LAUB micro 918.0 162 6.361898423204232 1.8819143979729882 0.8669898209147464 0.4596810767416431 0.8593403799249765 6.015382659474835
LAUB micro 1330.0 294 8.547139138400546 1.5252199958805073 0.9798732519457816 0.40229921961705495 0.8488447116544963 5.941912981581474
LAUB micro 37.0 12 1.5030153750209425 0.9906641117638139 0.39846351731347557 0.2989979869417031 0.6382013929301348 1.9146041787904045
LAUB micro 993.0 262 12.201496442154426 1.120818731018754 1.1206231630039243 0.3265035504201342 0.8493317715924522 5.945322401147165
LAUB micro 929.0 253 14.398843706535803 1.5143623002701248 1.1874881110491617 0.4004278563537018 0.8711437475528092 6.098006232869665
LAUB micro 614.0 100 7.379075227782782 1.7492166627835035 0.9231960895571141 0.43920896746930754 0.8494648411237394 5.946253887866176
LAUB micro 1271.0 315 11.356354246461377 1.7313016814061712 1.091890350671664 0.4363696720672349 0.8649719979764409 6.054803985835086
LAUB micro 800.0 128 5.96939532298906 1.6567917784155866 0.8431950995784948 0.42435751864488014 0.8334425119913107 5.834097583939175
LAUB micro 1029.0 296 12.651403358519293 1.558823545589649 1.1351772989616329 0.4080403383221432 0.8705648339335309 6.093953837534716
LAUB micro 1205.0 311 15.420780019293929 1.40785948652224 1.2153937831140655 0.3816311395589763 0.8628197659384621 6.039738361569235
LAUB micro 780.0 250 8.910828837677029 1.7691874826480427 0.9961099758351729 0.44235235983483073 0.8623171335685481 5.173902801411288
LAUB micro 1074.0 281 9.199958011962662 1.531347931611025 1.0085983839961867 0.40335184266661483 0.861338998187452 6.029372987312164
LAUB micro 1046.0 284 11.987580224503946 1.5905436131302668 1.1135282432179205 0.41339090825501507 0.872037999810571 6.104265998673997
LAUB micro 1044.0 246 5.422256892222014 1.0770015850056234 0.807687673488827 0.31743682795490336 0.8075980344874579 4.845588206924748
LAUB micro 921.0 127 7.715900219861911 1.181848554355382 0.9403122497739175 0.33882460221456695 0.7933255334391668 5.553278734074167
LAUB micro 1000.0 240 7.325545650974668 1.678055202798533 0.9204127064956712 0.42781952488797514 0.8368526518017038 5.021115910810223
LAUB micro 982.0 202 6.558724582995286 1.6238113983762965 0.878448521255678 0.41893261439713986 0.8267766100515835 4.960659660309501
LAUB micro 1188.0 296 6.513697564234561 1.2158302985001677 0.8758537101807263 0.34553649646835743 0.8253221278722984 4.9519327672337905
LAUB micro 72.0 16 1.154681505347524 0.3068481696300533 0.33338308392017707 0.1162251339293388 0.5630750321224142 1.6892250963672426
LAUB micro 1095.0 227 7.135738440201937 1.9790246243661285 0.9103969777953469 0.47407409307141524 0.8696352455861026 6.087446719102719
LAUB micro 1191.0 251 14.586725731268064 1.6522046710388676 1.1927548934960934 0.42360703559735324 0.8790242361033438 7.03219388882675
LAUB micro 1502.0 269 7.406041951420698 1.6370459693196977 0.9245915530766338 0.4211177005358959 0.8428611348660588 5.900027944062412
LAUB micro 930.0 278 9.718017757802293 1.1609327272206729 1.0301144722550046 0.334641246914889 0.8389061331572637 5.033436798943582
LAUB micro 1045.0 192 6.686798395261429 2.019953525062535 0.8857454908034085 0.4800002595252982 0.869442179327789 6.086095255294523
LAUB micro 1012.0 186 7.412932009812268 1.9569822469308182 0.9249473791233045 0.4708487171256688 0.8545376716829379 5.981763701780565
LAUB micro 1149.0 170 5.4522012425813084 1.9774074703287146 0.8097079044670172 0.473838273681241 0.8467140600317655 5.9269984202223585
LAUB micro 951.0 254 10.090718399116446 1.5823819965497707 1.044959678400476 0.4120204853056285 0.8697776102046905 6.088443271432833
LAUB micro 1142.0 316 14.464954757093354 1.8920688834683659 1.1893486538074525 0.46120863279743646 0.8820413725346948 6.174289607742864
LAUB micro 850.0 146 8.483315280080028 1.729166295384479 0.9769601892519456 0.4360299991977405 0.8325931133125817 5.828151793188072
LAUB micro 789.0 245 6.392375189616537 1.4987084259261574 0.8687840007776744 0.397715581296833 0.8568721644385994 5.1412329866315964
LAUB micro 828.0 207 9.495074503264384 1.1830308235405638 1.0209855259333558 0.33905986782048736 0.8164771766512054 4.8988630599072325
LAUB micro 1004.0 126 6.891952496056274 1.80591670057977 0.8971844624439752 0.4480747739569409 0.8249292080165193 5.7745044561156345
LAUB micro 973.0 241 8.366064253030716 1.3377293424742016 0.9715571328012789 0.36879422800878053 0.8258015960215582 4.95480957612935
LAUB micro 1246.0 267 11.324936637625887 1.3885383004502636 1.0907846952514848 0.37813220963061056 0.8455800303849655 5.919060212694759
LAUB micro 939.0 224 9.063211953888421 1.1141070674914337 1.0027366200052188 0.32512697807228286 0.8064040127010542 4.8384240762063255
LAUB micro 826.0 242 3.801702935136563 1.1459529658839804 0.6813952882446047 0.33162019904610257 0.7998882556859306 3.9994412784296527
LAUB micro 1010.0 157 9.936450227232841 1.800012745383889 1.0388763807823331 0.44716000821268165 0.8610514041441337 6.88841123315307
LAUB micro 985.0 180 7.53779172987362 1.5299476502226337 0.931345556456468 0.4031115348301039 0.8360726386323438 5.8525084704264065
LAUB micro 779.0 150 7.301829441429371 1.9702485405307397 0.9191738066856034 0.47279279115724016 0.8512643288582992 5.958850302008094
LAUB micro 919.0 162 6.936369402312024 1.4727047665303459 0.8996218740720324 0.3931722660091437 0.8384286331390783 5.869000431973548
LAUB micro 921.0 198 11.987092560569193 1.5359162287345907 1.113511935812806 0.4041349029954944 0.8537350735700324 5.976145514990227
LAUB micro 737.0 222 6.717189089340607 1.4488572741382524 0.8874591416198035 0.38896347403428005 0.8545763752401133 5.12745825144068
LAUB micro 12.0 10 2.6666666666666665 3.1622776601683786 0.5642714304385625 0.6193310480660944 0.8538149682454623 0.8538149682454623
LAUB micro 1008.0 229 11.611089702637617 1.5901985515608086 1.1007526148360003 0.41333305618247784 0.859732893976994 6.018130257838958
LAUB micro 1575.0 322 16.489118878799314 1.4057978341734974 1.2427679297922982 0.38125912957415287 0.8659704941132438 6.92776395290595
LAUB micro 847.0 235 9.005495548741154 1.4251094028339142 1.0002386030925885 0.38473133550543315 0.8435235048758075 5.061141029254845
LAUB micro 899.0 290 12.87894481044882 1.3152938751755423 1.1423564487975517 0.36460612289909905 0.8544328387051343 5.126597032230806
LAUB micro 838.0 206 7.685912898654193 1.7553314289143038 0.9388154699924185 0.4401738460521963 0.8444727656777893 5.066836594066736
LAUB micro 1105.0 177 8.835850043901294 1.546867940483057 0.9928118989196038 0.40600642662581204 0.8364879277573116 5.855415494301181
LAUB micro 1004.0 250 7.925225316567057 1.5506598491774084 0.9506191886505153 0.4066525458402787 0.8415514304267332 5.049308582560399
LAUB micro 1041.0 259 10.189898717171475 1.4161001583253272 1.0488261556282066 0.38311493380107875 0.8590993473198265 6.013695431238785
LAUB micro 909.0 267 14.100397680440675 1.8055730274814334 1.1789883849187786 0.448021577626695 0.8771576322778794 6.1401034259451555
LAUB micro 755.0 161 8.906184019406126 1.6587962901306206 0.9959063912691252 0.42468506412311857 0.8600334067181864 6.0202338470273045
LAUB micro 1269.0 302 12.417285291254883 1.3196836935961966 1.1276646542613422 0.36542876959302717 0.8448175662994589 5.913722964096213
LAUB micro 1083.0 302 8.434772767496453 1.601565629327487 0.97473144482837 0.41523478625560406 0.8500030329444961 5.1000181976669765
LAUB micro 936.0 251 11.925777568442438 1.3682602206580998 1.1114566781510036 0.3744294202581675 0.8645116880856977 6.051581816599883
LAUB micro 973.0 221 7.2018274841227985 1.5894411161709576 0.9139106301695274 0.41320603962006924 0.8285708558392767 4.97142513503566
LAUB micro 1035.0 239 7.69806236078575 1.2761254859747337 0.9394225170161478 0.35719620164398425 0.8124863095572895 4.874917857343737
LAUB micro 1060.0 241 7.859842307838028 1.6003540025729974 0.9474259921528245 0.41503247523953607 0.8564263097180632 5.994984168026442
LAUB micro 926.0 218 7.63244592074096 1.4259406969416708 0.9361338663267507 0.3848801801637837 0.8206836189856893 4.924101713914136
LAUB micro 893.0 221 8.33020326675432 1.8976344939124212 0.9698911053400847 0.46204360291292157 0.8725410742750805 6.107787519925564
LAUB micro 948.0 162 7.17873627184555 1.8635969397986203 0.9126862043360108 0.4569118896344391 0.8554268133903437 5.987987693732405
LAUB micro 428.0 76 6.078236936147276 1.694377069518181 0.8499250960719218 0.4304583737743886 0.8108365738599574 4.865019443159745
LAUB micro 1246.0 174 7.088262448458692 1.5664824217719615 0.9078552348267824 0.4093382940580781 0.8220225163413234 5.754157614389264
LAUB micro 1042.0 275 12.089827274923229 1.1474620163527305 1.1169339159134264 0.3319254909040717 0.8464666194583371 5.9252663362083595
LAUB micro 1163.0 153 6.667018565475326 1.6857795393082429 0.8846265148896929 0.42907036097924134 0.8283301921505962 5.798311345054174
LAUB micro 943.0 202 6.2895051501467645 1.6783192968317233 0.862698047130719 0.4278623503406835 0.8218086472154943 4.9308518832929655
LAUB micro 61.0 14 3.2725037155091963 2.3246277067154413 0.6306824490696474 0.5217430198732377 0.8214924478804674 4.107462239402337
LAUB micro 961.0 229 8.912032657035143 1.610096130453337 0.9961627242343098 0.41665650280058225 0.8532765612766343 5.97293592893644
LAUB micro 940.0 260 8.927619913842792 1.5035007948666725 0.9968451415284875 0.39854773362434476 0.8400643478512101 5.040386087107261
LAUB micro 936.0 289 10.576490984243742 1.4034422208732078 1.063576937878248 0.38083368608290813 0.8533255779976417 5.119953467985851
LAUB micro 814.0 180 6.095842267089748 1.350022505543137 0.8510039530336615 0.37107202141488305 0.8182773896509624 4.909664337905775
LAUB micro 1090.0 272 7.072844660941659 1.4154982512140006 0.9070265957950825 0.3830067273996926 0.8372603134517944 5.0235618807107665
