HUMAN micro 1702646.0 424 19.279001278933404 1.5195709477841721 1.3070465626076189 0.4013265920219519 0.8428063941369695 16.85612788273939
HUMAN micro 1643439.0 510 14.386012958326203 1.0040581221073728 1.187126093871077 0.30191031287607967 0.7660753530319326 13.789356354574787
HUMAN micro 1999626.0 475 10.724574071847675 0.9217197105175653 1.0690970747042954 0.2836900445956048 0.7476420151030073 13.457556271854132
HUMAN micro 2049079.0 591 19.66715771378699 0.9478968229739454 1.3152807536425204 0.28956594925728335 0.756966767425235 14.382368581079467
HUMAN micro 3293814.0 717 13.762140559440926 1.0413026558442884 1.169149336196384 0.30990740060947286 0.7737671826350986 14.701576470066874
HUMAN micro 2368963.0 586 8.564134966738333 0.8846486501141858 0.9806456961447111 0.2752303977571184 0.742824121024788 13.370834178446184
HUMAN micro 3893033.0 676 13.277203271601472 0.8447568220040053 1.1546431428276869 0.26593912506291195 0.7596870070561208 14.434053134066295
HUMAN micro 3082693.0 551 13.931593642988224 0.7872107294364542 1.174106162274273 0.2521757630460743 0.7393506504282137 14.04766235813606
HUMAN micro 2062264.0 466 10.803893503633429 0.9648996757763392 1.0720252825804648 0.29334038098674964 0.7473916245237751 13.453049241427951
HUMAN micro 2488228.0 596 7.230643406336953 0.8590290443082789 0.9154337862328957 0.2692861749705434 0.7201839521057193 12.243127185797228
HUMAN micro 2324069.0 520 13.151008500350752 1.2422913090662258 1.150787391841226 0.3506920336387741 0.8023065322891467 15.243824113493787
HUMAN micro 3837852.0 743 11.599664863700438 0.9696884875133587 1.100358993547621 0.29439754654151484 0.757135169023371 14.385568211444049
HUMAN micro 1676186.0 568 11.268808323788159 0.9055874253293157 1.0888023815096772 0.28002887830741113 0.7545729137820099 13.582312448076177
HUMAN micro 1315875.0 634 13.609879582637337 0.9869851321099592 1.1646466364126233 0.29819461745367015 0.7574767673311719 12.877105044629921
HUMAN micro 1576770.0 464 12.449635996304922 0.8506190581059255 1.128710530662935 0.2673170303201619 0.7438218660820569 13.388793589477025
HUMAN micro 3336679.0 449 9.47779784285754 1.0017221072515918 1.0202700149767487 0.3014037855987822 0.7619644453619427 14.477324461876913
HUMAN micro 1407767.0 707 9.637922196539217 1.1305627287253524 1.0268568096603223 0.3284943253650234 0.7712918374735346 13.111961237050087
HUMAN micro 2316812.0 572 15.334704306027664 0.957363711934457 1.2131112772000183 0.2916715325611998 0.7652085310287385 14.538962089546033
HUMAN micro 1652395.0 542 13.481525717373923 0.7997236379654066 1.1608143198535432 0.2552058208136559 0.7413593280548636 13.344467904987544
HUMAN micro 2560147.0 661 12.8032979404044 0.8821442148652948 1.1399828622130388 0.2746528971574659 0.7390698636984263 13.303257546571674
HUMAN micro 2313196.0 594 12.3511037148481 0.9268168006520963 1.1255171696297737 0.28484042443847674 0.7514629865409174 13.526333757736513
HUMAN micro 2498006.0 774 11.677686345304876 1.1392987991054557 1.1030400028241594 0.33027144737653596 0.7717801857565012 13.892043343617022
HUMAN micro 1655048.0 510 12.353784070893251 0.868151357365396 1.125604349463907 0.2714120597985974 0.7520953961846509 13.537717131323717
HUMAN micro 1981074.0 638 20.84085438876508 1.431725350116652 1.3392696234589054 0.3859145222189184 0.8215613837694641 15.609666291619817
HUMAN micro 3523886.0 740 13.164625148622337 0.8245712472516635 1.1512050858780627 0.26116082669442503 0.7266293440360928 13.07932819264967
HUMAN micro 1647760.0 526 7.3848649820046415 0.8680394671140156 0.9234960737348955 0.27138604757328516 0.7256396138315282 12.33587343513598
HUMAN micro 3067465.0 760 14.316728759886573 0.8509824561678436 1.1851660216132256 0.267402302477591 0.7359804287912887 13.247647718243195
HUMAN micro 421862.0 479 6.986110660789547 0.8263529519951623 0.9023353237693243 0.26158471092629687 0.7248284789733485 10.872427184600227
HUMAN micro 3472994.0 822 10.497805066419538 0.9358426695744096 1.0606149413515304 0.28687005828633616 0.7368202781528109 13.262765006750596
HUMAN micro 1434528.0 609 14.664458115242391 1.1029482690831438 1.1949153758132836 0.3228285895060734 0.7795409506783008 14.031737112209413
HUMAN micro 6582515.0 1184 20.91828813519368 1.3013539774162137 1.34080663181639 0.3619834238034233 0.8103633879739203 16.207267759478405
HUMAN micro 1903485.0 520 11.552931250079341 0.8562448766356012 1.098745150286386 0.2686352679800982 0.7385253584976808 13.293456452958253
HUMAN micro 1436126.0 632 8.756452412905455 0.8229620727984072 0.9892919306200498 0.260777633138952 0.7272707103311612 12.363602075629741
HUMAN micro 1562655.0 450 12.158387423644653 0.8357261442753129 1.1192026692228947 0.26380789315008996 0.7444938573346764 13.400889432024176
HUMAN micro 1781816.0 475 9.00925085672325 0.731370791708318 1.0004015738862793 0.23839008667849795 0.7279340816746823 13.102813470144282
HUMAN micro 2814362.0 504 14.68902230740846 1.0606151912383268 1.195595880506801 0.31399689720123114 0.7751018453649425 14.726935061933908
HUMAN micro 1955938.0 530 15.873515384357919 0.9770375912811143 1.2272055717996622 0.2960149270429322 0.7548341512162359 13.587014721892245
HUMAN micro 4561087.0 648 18.366288407472688 0.8968051521090435 1.2870463951843532 0.278022720603983 0.7586221660465389 15.172443320930778
HUMAN micro 1542600.0 746 8.742702015593567 0.8184899209071747 0.988679419683917 0.2597108982933827 0.7369971407366076 12.528951392522329
HUMAN micro 1865696.0 525 13.578267854164313 0.8695208855564059 1.1637059254862607 0.2717303212854952 0.7457161686671723 13.422891036009101
HUMAN micro 2752683.0 697 8.83872260813595 0.9580527028334765 0.9929387162921538 0.2918243770696335 0.7268007772081829 12.35561321253911
HUMAN micro 830969.0 401 8.863872763660957 0.7322462062922879 0.9940474615604717 0.2386096188793797 0.7056928555156379 11.291085688250206
HUMAN micro 1695629.0 626 13.06067796237147 0.9028373467491957 1.1480062615243722 0.27940166667466815 0.75643672107183 13.61586097929294
HUMAN micro 1494205.0 569 15.562801102201202 0.9178371105868827 1.2191337865766312 0.2828117180706257 0.761262646553344 13.70272763796019
HUMAN micro 1203446.0 547 9.338251651941821 0.7193545103698291 1.0144470994818473 0.23536543225642462 0.7258315449471501 12.339136264101551
HUMAN micro 1600284.0 512 13.67795252634102 0.8750050314668402 1.1666654787048367 0.27300243746925906 0.7499147354578809 13.498465238241856
HUMAN micro 2180624.0 450 20.238565072695188 1.1834760229671328 1.3271251714460734 0.3391484272396167 0.819233137541471 16.38466275082942
HUMAN micro 2280501.0 551 11.014546962372485 0.9801015948464322 1.079707399322093 0.2966874735692434 0.753139770994919 13.556515877908542
HUMAN micro 2286688.0 638 13.780430428503776 0.8213167810713846 1.1696870815555684 0.260385489071296 0.7413589047960636 13.344460286329145
HUMAN micro 1969809.0 570 9.128882910373067 0.9578673908668138 1.0055615507292284 0.2917832730824802 0.7418700184690132 12.611790313973225
HUMAN micro 1550998.0 605 14.784417371895572 0.9362391303576486 1.1982285560197719 0.28695899273552905 0.7619789939199535 13.715621890559163
HUMAN micro 983725.0 523 8.564772950010576 0.8347166209839493 0.980674665139281 0.26356899532010764 0.7226823986380213 11.562918378208341
HUMAN micro 1444910.0 429 10.588620941699936 0.9058584277621144 1.0640317575300815 0.28009063695013187 0.7546987128128319 13.584576830630974
HUMAN micro 2066565.0 607 11.446347983370616 0.9077186445863319 1.0950419391155073 0.2805143241868913 0.7471866416112039 13.449359549001668
HUMAN micro 2606138.0 523 19.58156387934139 0.9180487453372745 1.3134783713187344 0.28285964014537957 0.7829867673641008 15.659735347282016
HUMAN micro 2512294.0 537 14.650267905981236 1.1351888502726997 1.1945217763293334 0.32943629294614096 0.7847862708873341 14.910939146859349
HUMAN micro 2532532.0 682 12.24523305043972 1.2083700710901957 1.1220596041303847 0.34407185273704904 0.7802251584726884 14.04405285250839
HUMAN micro 2967760.0 524 10.664437893285715 0.8899410717220386 1.0668638150778038 0.2764482631018554 0.7607321664888995 14.45391116328909
HUMAN micro 103683.0 138 6.835846639201917 0.5338328825752572 0.8940859275268696 0.1857780440138109 0.6818174652961181 9.545444514145654
HUMAN micro 2386587.0 375 9.703549507365967 0.8760386521338713 1.0295278221556015 0.2732417819297872 0.7291572834792475 13.124831102626453
HUMAN micro 2291723.0 500 7.300166494798623 0.8606186429798587 0.9190868040684937 0.26965736817569214 0.7127078012761414 12.116032621694405
HUMAN micro 2334757.0 450 9.52720317282672 1.259126627914161 1.0223130048089202 0.35394057455165906 0.7748447194782544 13.94720495060858
HUMAN micro 2444483.0 500 15.087873346900192 1.3744514038315523 1.2064986385832854 0.3755632856199669 0.8042388150588161 15.280537486117506
HUMAN micro 2874158.0 506 16.094592897936227 0.7951432547453485 1.2328587626766268 0.2540991115566426 0.7340549559829138 13.947044163675363
HUMAN micro 3368736.0 632 12.648023251026379 1.015860804856734 1.1350697536962389 0.3044605407845622 0.7668689259507812 14.570509593064841
HUMAN micro 663318.0 452 11.244798392844613 0.7840615084145768 1.0879516389833224 0.2514098233049883 0.7339069946895609 11.742511915032974
HUMAN micro 5791644.0 896 20.976798318588724 1.23036113427578 1.3419644226711822 0.34837518857509386 0.7959061973350113 15.918123946700227
HUMAN micro 1449891.0 476 9.801242796284896 0.9434718457986531 1.0334737284977016 0.28857825358428957 0.7417865699172911 12.610371688593949
HUMAN micro 5937627.0 764 11.658068625111424 0.9672512590647331 1.1023674458515964 0.2938598319358932 0.7502574548215998 14.254891641610396
HUMAN micro 2492533.0 559 13.209310535835755 1.0135471480399179 1.1525730056018986 0.30396180324756683 0.7703421882573974 14.63650157689055
HUMAN micro 2665828.0 686 14.492491126647078 1.0315130495506408 1.1901212560788206 0.30781961638905225 0.773044718911571 14.687849659319848
HUMAN micro 1038522.0 510 7.977419151908301 0.8237704123262606 0.9531515026827444 0.2609701657163388 0.7213063675206122 11.540901880329795
HUMAN micro 3177057.0 715 15.747556392705437 0.7576396060649417 1.2239514488306291 0.24492983026979076 0.7418756250433413 14.095636875823484
HUMAN micro 1442679.0 523 17.638630295553757 0.8766736787784949 1.2704139940190633 0.27338876285767894 0.7556671316226413 13.602008369207544
HUMAN micro 1518478.0 559 21.52545464347363 1.026586430619667 1.3526735653407433 0.3067651304269571 0.7836774751773247 14.889872028369169
HUMAN micro 1066347.0 545 10.096776914213274 0.7251880083516034 1.0451968552159134 0.23683643073705607 0.7276301247879614 12.369712121395343
HUMAN micro 2005001.0 619 16.84870666583344 0.8758605140751011 1.2516067521993872 0.27320054181507636 0.7633445297546424 14.503546065338206
HUMAN micro 796966.0 411 14.75681967758851 0.893156188812389 1.1974685649394845 0.2771864455227771 0.7545820657704274 12.827895118097265
HUMAN micro 940603.0 524 10.572637258488243 0.8921359075641162 1.0634323404810335 0.27695232751256116 0.7472418127795241 12.70311081725191
HUMAN micro 1316933.0 519 9.701817134000494 0.9319449234102847 1.0294575257474652 0.285994741230642 0.7487808647277765 12.729274700372201
HUMAN micro 1182197.0 603 12.784733098751142 0.8587882845402144 1.1393983616741645 0.2692299265701341 0.7476473914148943 12.710005654053203
HUMAN micro 1976329.0 721 12.640913496525778 0.7334575268198229 1.1348434548671034 0.2389132050384159 0.7355628382057245 13.240131087703041
HUMAN micro 434011.0 444 12.508054432261634 1.1274129124305816 1.130592802006551 0.3278517908835529 0.772209613191449 12.355353811063184
HUMAN micro 1673380.0 633 14.105182634038833 1.033124749238758 1.1791259806172945 0.30816402706098306 0.7756574264549152 13.961833676188474
HUMAN micro 72526.0 181 6.292465419916951 0.468294619909042 0.8628743784211466 0.16681320746209902 0.6708530840370748 8.721090092481973
HUMAN micro 1491863.0 510 9.66663696807336 0.9998735683321083 1.0280275144171358 0.30100254050832015 0.7451448232303781 12.667461994916428
HUMAN micro 2417286.0 592 9.497776896081492 1.1178539026623329 1.0210973386902378 0.32589599757694254 0.768049664064664 13.824893953163953
HUMAN micro 2242006.0 449 15.169989114525928 0.6940163857164954 1.2087097275438214 0.22891760681631698 0.739948709378024 14.059025478182457
HUMAN micro 1934570.0 551 13.111282417420698 0.942624539261006 1.149566483740258 0.288388870448541 0.7511371837581033 13.520469307645861
HUMAN micro 1714236.0 517 12.043384568300205 1.179813993775065 1.1153902991114821 0.33841943630020915 0.77439998818756 13.93919978737608
HUMAN micro 1296588.0 498 16.24917568286087 1.053084398606518 1.2367683454997953 0.31240680280249333 0.802870630485045 15.254541979215855
HUMAN micro 1948977.0 549 15.611026852803308 0.8969299575681952 1.220396480297388 0.2780512952517501 0.7488286408687252 13.478915535637055
HUMAN micro 1614001.0 683 14.590203982579029 0.8542853526171339 1.1928517975447703 0.2681765677432532 0.7510769765820113 13.519385578476204
HUMAN micro 696929.0 461 9.300905002925617 0.7958128028859569 1.0128753820363088 0.2542610634499756 0.7330868594692149 11.729389751507439
HUMAN micro 2527076.0 601 11.073249472072252 1.0226281769003587 1.081824174642467 0.3059160530317322 0.7591665402599416 13.664997724678948
HUMAN micro 2767739.0 625 11.056521918629139 0.9247417213484725 1.0812220400260886 0.28437246032829994 0.7495273723707031 13.491492702672655
HUMAN micro 2058906.0 595 11.77509833827326 0.9368497086221621 1.1063642518678118 0.2870959226043078 0.7522402281933481 13.540324107480266
HUMAN micro 2029816.0 622 15.02785753704981 0.947583265301512 1.2048754735692402 0.28949603419464437 0.7736834062881762 14.699984719475347
HUMAN micro 3034117.0 630 14.945706624639687 0.9612132964484018 1.2026437695107446 0.2925248289727715 0.7674526204895965 14.581599789302334
HUMAN micro 678878.0 425 9.182057607194404 0.8136539324661232 1.007835549823287 0.2585544218869721 0.7289819046369179 11.663710474190687
HUMAN micro 2327039.0 389 14.954295347451822 0.9045821253952877 1.2028776274908977 0.2797997041363802 0.7481585727517155 14.215012882282593
HUMAN micro 2275303.0 432 12.294580200668541 0.7283737999435409 1.1236746282857424 0.23763767430999339 0.7142659448452897 12.856787007215214
HUMAN micro 2144675.0 375 11.030657760528124 0.7036579883564472 1.0802893724735558 0.23138241397661935 0.7100606195331775 12.781091151597193
HUMAN micro 2314482.0 353 9.501359641942276 0.9630107670696427 1.0212455320952076 0.2929226817019461 0.7324637802328078 13.18434804419054
HUMAN micro 2175845.0 516 13.966746571466873 0.8644295976205641 1.1751274049109106 0.2705459886937487 0.7500306389557994 14.250582140160187
HUMAN micro 2228265.0 375 9.537785949315564 0.6631598731740572 1.0227493726410932 0.2209339982875126 0.7001343233095435 12.602417819571784
HUMAN micro 3003966.0 436 10.448745789355556 0.7960061495909351 1.0587579123006479 0.25430781937406766 0.7066033839163942 12.718860910495096
HUMAN micro 2933656.0 514 8.066412225476396 0.8793448654110714 0.9574354613782715 0.27400648175155096 0.7258124191338906 13.064623544410031
HUMAN micro 2117148.0 585 10.09920895857337 0.9068684085268555 1.0452920276903974 0.2803207237630869 0.7391550822086207 13.304791479755172
HUMAN micro 2641365.0 498 15.157294538563544 0.9544452687067512 1.208368641999294 0.2910235131763208 0.7519807338753693 14.287633943632017
HUMAN micro 3112463.0 521 9.656375957908065 0.818739939895799 1.027609534045132 0.25977060409777614 0.7169413881728594 12.904944987111469
HUMAN micro 1692194.0 376 15.836036430083908 0.7965705509614971 1.2262398568103219 0.25444427653184676 0.7406179762621712 14.071741548981253
HUMAN micro 2082310.0 429 9.689445172520973 0.9436919839551436 1.0289551640707213 0.2886274435803431 0.7430353700150516 13.374636660270928
HUMAN micro 2143677.0 438 13.135561772812858 0.7808704868250852 1.1503130728173772 0.250632336699394 0.7260305699047302 13.068550258285144
HUMAN micro 2448410.0 504 8.280751424761052 0.9635144512870528 0.9675831407033164 0.2930341019859265 0.7415723564903711 13.34830241682668
HUMAN micro 2203264.0 468 9.833881625290068 0.830905850544634 1.0347840860265043 0.26266601243920873 0.733230065339458 13.198141176110244
HUMAN micro 2007014.0 583 9.720969252414925 0.8188699082618455 1.030234050463725 0.25980163796153627 0.7369160281310912 13.264488506359642
HUMAN micro 2852329.0 478 13.104779621511518 1.0049087199107514 1.149366304960781 0.3020946047160609 0.7570743065045368 14.384411823586198
HUMAN micro 2590925.0 444 14.14039268722189 0.8038165369864965 1.1801371393438387 0.2561923641226839 0.730967213792894 13.888377062064986
HUMAN micro 2390146.0 500 12.38537605890617 1.0775540169583495 1.1266305770928862 0.3175523243752649 0.7682318745867985 14.596405617149172
HUMAN micro 3161936.0 509 9.827810346191328 0.8408474861414454 1.0345406403083035 0.26501780878053555 0.7247919478002556 13.0462550604046
HUMAN micro 3557541.0 425 11.987958583059964 1.0369810838506102 1.1135408950465728 0.3089869960019101 0.7503361225442019 14.256386328339836
HUMAN micro 2969120.0 466 10.54583052377158 1.030542487986528 1.0624251783894436 0.30761208129468065 0.7569719509246171 14.382467067567726
HUMAN micro 1709820.0 446 7.195269565080323 0.7491385836617881 0.9135632432880296 0.24282421984761338 0.7027375045021415 11.946537576536405
HUMAN micro 1852005.0 412 7.541041277453385 0.7181919195092487 0.9315108207457785 0.23507167225928058 0.6934099182232831 11.787968609795813
HUMAN micro 1869117.0 401 9.251221567083466 0.653851930290899 1.0107756203413516 0.21849662448123636 0.6973247341829636 12.551845215293344
HUMAN micro 1708664.0 487 14.00616489771296 0.6080147113997956 1.1762697144567653 0.20629001770256056 0.7073808590085753 12.732855462154355
HUMAN micro 2547211.0 465 16.450679710332203 0.9277396484331578 1.2418123475529368 0.28504837973081887 0.7507439708499202 14.264135446148483
HUMAN micro 2313800.0 470 8.757280200190522 0.9750282189116255 0.9893287768203579 0.2955733051422526 0.7384725535907015 13.292505964632628
HUMAN micro 1186851.0 317 8.839193760767385 0.9015186009825366 0.9929595131066304 0.27910057811181993 0.7332352601349829 12.464999422294708
HUMAN micro 2867462.0 506 8.858261519668591 0.8773146929232131 0.9938003349226299 0.2735370791980689 0.7206357830905308 12.971444095629554
HUMAN micro 2194805.0 482 9.50767961644027 0.7368610098903333 1.0215068224949526 0.23976506596993977 0.7227153843143894 13.008876917659009
HUMAN micro 3813818.0 563 16.6252269723952 0.9223655409406457 1.2461347184137388 0.2838359729885933 0.7439244783342889 14.134565088351488
HUMAN micro 1912459.0 388 11.391329523760199 0.916106496849242 1.0931179063643823 0.28241964342135184 0.7375998878918643 13.276797982053557
HUMAN micro 2859752.0 526 14.61040157456459 0.8306598296224849 1.1934140753477622 0.2626076518697607 0.7448523430187667 14.152194517356566
HUMAN micro 2584197.0 338 7.1343107736953675 0.857549393775826 0.9103207607318038 0.26894037083588246 0.7222407009049059 13.000332616288306
HUMAN micro 2344365.0 393 10.029826574988622 0.9977607607904305 1.0425686839617154 0.30054347863994224 0.7347592214616125 13.225665986309025
HUMAN micro 2193914.0 409 8.601289569032442 0.8298325084067314 0.9823295679460498 0.26241133890871543 0.727022451293853 13.086404123289354
HUMAN micro 1955788.0 411 10.443458863130358 0.5937972898440943 1.05855731275495 0.2024330839983586 0.6928515976667158 12.471328758000883
HUMAN micro 2213756.0 383 12.161708985751407 0.6060019096016538 1.119312284026692 0.20574605733678905 0.6949900615181808 12.509821107327253
HUMAN micro 2564849.0 346 7.896753468390835 0.9271339748023943 0.9492315563094255 0.284911907958435 0.734025281090642 13.212455059631557
HUMAN micro 3184153.0 422 10.54529603535985 0.8686167960041273 1.0624050732319665 0.27152024817165904 0.7432898918764731 14.12250794565299
HUMAN micro 2260016.0 414 14.30664547716244 0.9661546326119324 1.1848800234622106 0.29361767089652124 0.7641426612797987 14.518710564316175
HUMAN micro 2057663.0 426 14.438167389598767 0.7492729232789557 1.1885957454931328 0.24285757381660747 0.7326280632700559 13.919933202131062
HUMAN micro 1864319.0 380 10.18118008052681 0.8778118471522188 1.0484876421384957 0.2736520747047552 0.7380587816930624 13.285058070475124
HUMAN micro 1996409.0 401 6.931151964726717 0.9666992069749178 0.8993362712507447 0.2937379426645496 0.7274480228828765 12.3666163890089
HUMAN micro 2105600.0 411 10.245429189587616 0.91044031101731 1.050976035237423 0.2811334733247335 0.7395857509110937 13.312543516399687
HUMAN micro 2616584.0 498 11.33896882646793 0.836653987782499 1.0912788670159304 0.2640273460984911 0.7255205126396254 13.059369227513256
HUMAN micro 2515958.0 469 13.160682265878512 0.8596479762855844 1.151084178295 0.26943074183849713 0.744963533474621 14.154307136017799
HUMAN micro 2099890.0 372 11.836991709736509 0.7532165755928244 1.1084632607317677 0.24383556799063036 0.7178618873525893 12.921513972346606
HUMAN micro 3109453.0 454 16.77726987952962 0.6773525637440722 1.2498650655602421 0.22462435681933485 0.7175973330482561 13.634349327916865
HUMAN micro 2492714.0 350 13.108194251827435 0.789482579813978 1.1494714307173097 0.25272747499342346 0.7284795423391334 13.841111304443533
HUMAN micro 2992055.0 416 16.236395745568004 0.7642221551092058 1.2364464568797409 0.24655327164798688 0.7332787204375312 13.932295688313092
HUMAN micro 2858715.0 339 6.164418613562174 0.9169283223414404 0.8551809535377852 0.2826058740707743 0.7244672856378319 13.040411141480975
HUMAN micro 3051980.0 409 17.546316612988416 0.7461703094011843 1.2682576695578118 0.24208659952192388 0.742294543826989 14.84589087653978
HUMAN micro 2637298.0 476 10.423816652211736 0.8311240749135214 1.0578112242314952 0.26271777260570983 0.7214980089941493 12.986964161894686
HUMAN micro 2576429.0 492 13.714907222710025 0.7426282362941666 1.1677575282234582 0.2412047467503895 0.728519912614065 13.841878339667236
HUMAN micro 2133337.0 472 9.242627050745446 0.8800769097522689 1.0104113596982045 0.27417561564549664 0.7317671848582951 13.171809327449312
HUMAN micro 2100520.0 458 14.991171957075599 0.7818947091222641 1.2038802933797372 0.2508820383101916 0.7400356892260254 14.060678095294481
HUMAN micro 1712430.0 336 9.835235368853406 0.7717675120953458 1.0348383497383475 0.24840673400800842 0.724213152844531 13.03583675120156
HUMAN micro 2246373.0 327 9.3462138222425 1.1677376728697353 1.0147814496056797 0.3360067252287765 0.7614335329427716 13.70580359296989
HUMAN micro 2384722.0 479 10.125592915311495 0.8986503196204957 1.0463231650899523 0.27844498672593365 0.7253352395516748 13.056034311930146
HUMAN micro 1888435.0 415 6.987245074714514 0.8949726773354896 0.9023970102072644 0.2776029524740263 0.7115008916118968 12.095515157402245
HUMAN micro 2261973.0 329 7.965006111330002 0.9609230948402204 0.9525505899512962 0.2924605614691821 0.7377582949340975 13.279649308813756
HUMAN micro 3109894.0 413 7.208478717898345 0.9149810166733744 0.9142626765298064 0.2821644731376102 0.7307740743520297 13.153933338336534
HUMAN micro 2492617.0 482 9.618165196795692 0.6726740354863604 1.0260494777859537 0.2234113155096359 0.709720136215192 12.774962451873456
HUMAN micro 2324964.0 520 13.759066999032445 1.0143972669914507 1.1690589042364192 0.30414512354052636 0.7871261770655691 14.955397364245814
HUMAN micro 709702.0 326 6.70239674001439 1.1163915177494468 0.8866258847828694 0.32559601226183765 0.7500566838598022 12.000906941756835
HUMAN micro 2245806.0 521 11.582936374426703 1.03998193292941 1.0997820006006171 0.30962632112011096 0.7478964195610912 13.462135552099642
HUMAN micro 2005551.0 497 9.869603786198612 1.1660916903671568 1.036213713671968 0.33567683630485434 0.753113920531257 13.556050569562627
HUMAN micro 2287056.0 496 9.492441786396867 0.8632568215977159 1.0208765683608452 0.2702727199072916 0.7357558651208937 13.243605572176087
HUMAN micro 2802564.0 529 13.816950763148597 1.0755709895243397 1.17075883771941 0.31713759188531704 0.7671962710292913 14.576729149556536
HUMAN micro 2219711.0 489 12.55308800725162 1.0299084067949964 1.132038258436674 0.3074764421886133 0.7793826311018289 14.808269990934749
HUMAN micro 2731263.0 493 12.75983716507845 0.9677180953104472 1.1386132944571719 0.2939628794507064 0.768939713342412 14.609854553505828
HUMAN micro 2056039.0 373 9.763738830045561 1.0302128815047076 1.0319631515549181 0.3075415790045678 0.7424835536432006 13.364703965577611
HUMAN micro 1817841.0 348 8.915511415440674 1.086728767624214 0.9963151188616401 0.3194660032680189 0.7535280659455756 13.563505187020361
HUMAN micro 2127950.0 387 8.395639671998309 0.9134127337882861 0.9729263529902552 0.28180865987202175 0.7339150466617018 13.210470839910633
HUMAN micro 2328569.0 356 7.690673330059504 0.9844678128514409 0.939053425723805 0.297644059245011 0.7259216613356707 13.066589904042074
HUMAN micro 1854390.0 318 10.108317596789512 0.8591355392950842 1.0456482881255154 0.2693110529360518 0.7307154499307927 13.15287809875427
HUMAN micro 2312743.0 359 9.124425485241641 0.8816049606536345 1.0053703883638985 0.2745284493692907 0.7326604846843991 13.187888724319185
HUMAN micro 2132050.0 397 8.622456083223728 0.8782891885397465 0.9832859376562496 0.27376245870653443 0.7295635071182325 13.132143128128185
HUMAN micro 2266760.0 353 9.548152767984709 0.7925352351328253 1.023176411016384 0.25346770117295203 0.7145257202614486 12.861462964706075
HUMAN micro 1940408.0 359 10.528782611753913 0.7614457836105164 1.0617834501471641 0.245869280363618 0.7150968488574889 12.871743279434801
HUMAN micro 1886903.0 466 12.460833882948428 1.0575546808393301 1.1290719647576026 0.313351385692925 0.7811553093068495 14.84195087683014
HUMAN micro 1359162.0 370 11.063972980256485 1.195113495197426 1.0814903558351607 0.34145697973244526 0.7812935393129017 14.06328370763223
HUMAN micro 2118309.0 480 21.02894436772311 0.9058045846827575 1.3429936861540703 0.2800783673700674 0.7825028636095208 15.650057272190416
HUMAN micro 1860207.0 494 18.631600114527068 0.8862098226556542 1.2929556991205493 0.27559000216215906 0.77233912135341 14.674443305714789
HUMAN micro 1694997.0 329 12.853403019153529 1.2174344743388652 1.141556468772628 0.34585079519891104 0.791594002915445 15.040286055393455
HUMAN micro 1944213.0 349 15.811550532539155 1.2285862811523196 1.2256077703503259 0.3480294527380893 0.7990980182517727 15.981960365035455
HUMAN micro 1336264.0 333 12.1684320957076 1.5138024285140443 1.1195340686050295 0.40033114145736914 0.8187155206018492 15.555594891435135
HUMAN micro 1490853.0 315 12.18987171945488 1.515791578043302 1.1202405717553268 0.40067465892941595 0.820757837272425 15.594398908176075
HUMAN micro 1944034.0 507 18.485006402624602 0.9572790567770887 1.2897005528345895 0.29165274910130945 0.7697635371616705 14.625507206071738
HUMAN micro 1817989.0 450 12.102985109698025 1.0711300956172478 1.117370247486627 0.3162073794507527 0.7601193294941161 13.68214793089409
HUMAN micro 2517880.0 672 14.466196897486405 1.3762180020699455 1.1893835348054034 0.3758862817438755 0.8210980461756773 15.600862877337867
HUMAN micro 3313718.0 638 14.28313973576402 1.1775682127234943 1.1842125839414317 0.33797176824705294 0.7950647261103537 15.10622979609672
HUMAN micro 4055750.0 758 11.082578461466106 1.252010214553347 1.0821596240278544 0.35257035603458975 0.778844229557227 14.798040361587313
HUMAN micro 4085768.0 868 8.674793786799885 1.050939962017739 0.9856417170284858 0.3119529472791237 0.7497829082712638 13.49609234888275
HUMAN micro 2914560.0 614 17.008881708539896 1.3384744567504292 1.2554867454186924 0.36893263045451885 0.8160542035894862 16.321084071789723
HUMAN micro 2563732.0 704 17.793194340141508 1.2833502698422425 1.2740006048152406 0.35857253811805484 0.8083785917470111 15.35919324319321
HUMAN micro 4727340.0 756 9.716308832389483 1.0349777837128904 1.030045221012124 0.30855967230150094 0.7450602067930988 13.411083722275778
HUMAN micro 5342546.0 712 8.034737015208366 1.1568710193383935 0.9559155155570415 0.33382417511439594 0.7527553573823882 13.549596432882987
HUMAN micro 4385246.0 964 7.791917648346452 0.9335103775508784 0.9440836115086767 0.286346507363823 0.7398076798146221 13.316538236663199
HUMAN micro 3346064.0 796 16.825078033762406 1.0828788737767958 1.2510314397613918 0.3186640150366166 0.7644116386115334 14.523821133619133
HUMAN micro 5342912.0 1070 9.944336134082436 0.963477779489561 1.0391894230945529 0.2930259907606647 0.743454337698203 13.382178078567655
HUMAN micro 3717194.0 958 9.15347977232781 1.1144388914350083 1.0066149079561935 0.3251951382906433 0.7610927749776079 13.699669949596942
HUMAN micro 1760526.0 399 6.503782011324306 0.6091354031976333 0.8752802090791527 0.2065925900203357 0.6802981062913149 11.565067806952353
HUMAN micro 2003269.0 355 7.337434597636274 0.6694363383243166 0.9210324401483445 0.22256986247897356 0.7034687057683539 12.66243670383037
HUMAN micro 1896214.0 369 9.1896133934687 0.6389429677656008 1.0081577066493745 0.21456384117535596 0.7007610425490628 12.61369876588313
HUMAN micro 1688814.0 349 5.3180510733820725 0.634706182481007 0.8005831323001137 0.21343970513451233 0.6767584401437512 11.504893482443771
HUMAN micro 2811564.0 431 9.300660062524136 0.9488061607391147 1.012865055028198 0.28976864388523865 0.7558168420743424 14.360519999412507
HUMAN micro 2666001.0 365 14.708219018893898 0.8126531601977022 1.1961269479863315 0.25831471252218585 0.7338822301213836 13.943762372306288
HUMAN micro 2799337.0 362 15.07922827288125 0.7709075755692019 1.206265200825862 0.24819589576505086 0.7249065257644605 13.773223989524748
HUMAN micro 4041828.0 529 12.184283786661775 0.7899216672671467 1.1200565424761304 0.2528340252715018 0.7238197926248532 13.75257605987221
HUMAN micro 3527134.0 598 12.579751008036256 0.9233080816245802 1.1328918069969682 0.28404885648645256 0.748196071600025 14.215725360400475
HUMAN micro 3094940.0 431 15.330476214610883 0.8298376076561623 1.2129988494251047 0.26241254916855816 0.7409384762882559 14.077831049476863
HUMAN micro 3019809.0 431 14.09556394044134 0.6663804490500465 1.1788493420458968 0.22177416157273644 0.7224579946490457 13.726701898331868
HUMAN micro 842341.0 299 7.683857988761455 0.7081907824060625 0.9387127126173014 0.23253637403394484 0.716698783082191 12.183879312397247
HUMAN micro 1884250.0 414 9.266597203228857 0.5916366055748452 1.0114265233694386 0.20184391879826918 0.6990383106917678 12.582689592451821
HUMAN micro 4065417.0 495 17.27416383228294 0.7889775928249504 1.2618375141479024 0.2526049010070478 0.7431388604728407 14.862777209456814
HUMAN micro 3016146.0 374 12.115208082798631 0.7105550466559808 1.117775185394869 0.233137054594904 0.727894108719612 13.829988065672628
HUMAN micro 1781442.0 330 14.406802219400067 0.6409603719523462 1.1877125074670334 0.21509809327111232 0.720391107856383 13.687431049271279
HUMAN micro 3158453.0 610 11.903079675978304 0.8462390529223304 1.1106933790323283 0.2662879332248022 0.7524976802659658 14.297455925053349
HUMAN micro 1522917.0 360 12.262646613584987 0.7259107022640482 1.1226301978985762 0.23701832178636292 0.7209794771955669 12.977630589520203
HUMAN micro 1710435.0 341 10.631834902094889 0.5986011911862194 1.0656482293456013 0.2037401322453991 0.7030541428188485 12.654974570739272
HUMAN micro 3072622.0 426 9.416335455959684 0.6941155634609191 1.0177149578145817 0.228943032241176 0.6877914294998713 12.380245730997682
HUMAN micro 1879679.0 399 9.769001977740334 0.5353081288331379 1.032175456720081 0.1861955493393774 0.68965388525667 12.413769934620062
HUMAN micro 1844002.0 348 9.923256196453886 0.6828815551563358 1.0383521198113819 0.22605355046649642 0.7066674450455436 12.720014010819785
HUMAN micro 2612752.0 390 11.28401393060731 0.7386417145896147 1.0893403002801858 0.24021009528153903 0.7267026077881557 13.807349547974958
HUMAN micro 3288696.0 429 9.151654310095974 0.6882833341970375 1.0065368204958371 0.22744533337513867 0.7180478808313477 13.642909735795607
HUMAN micro 2643603.0 420 14.709326347262753 0.8460253799547387 1.1961575618738802 0.2662376675991692 0.7339305948210667 13.944681301600268
HUMAN micro 1528431.0 314 9.95464437825944 0.8059711684056933 1.039598283579388 0.2567108126982728 0.7247381542988638 13.045286777379548
HUMAN micro 3750216.0 434 17.428293919344757 0.7702862400539721 1.2654851303514039 0.24804349372071574 0.7367010598194823 14.734021196389646
HUMAN micro 2299623.0 411 7.76590178741625 0.7356754530582482 0.9427966005385523 0.23946852146095865 0.7091676712974245 12.765018083353642
HUMAN micro 2644120.0 363 15.627334575668131 0.6806834789258691 1.2208226357585181 0.2254859309889999 0.7179673638151854 13.641379912488524
HUMAN micro 3472453.0 425 16.02846294023312 0.8662028069266887 1.231175448508607 0.27095883830818085 0.7523989498554935 15.047978997109869
HUMAN micro 2759270.0 549 7.63133387833507 0.718465214633495 0.9360779163683048 0.23514074552438013 0.7085265992422777 12.753478786360999
HUMAN micro 2423201.0 475 8.353237069665127 0.8396365878705708 0.9709619422298013 0.26473203851467564 0.7269265624700024 13.084678124460044
HUMAN micro 2960041.0 414 6.125709027286015 0.8995871281489596 0.8528280843040652 0.27865921808369176 0.722596735431503 13.006741237767056
HUMAN micro 2610856.0 389 12.093737408538232 0.7955962583530195 1.1170636270116403 0.25420869175170824 0.7287245027264384 13.84576555180233
HUMAN micro 2636270.0 371 10.124439265233411 0.6945676303078758 1.0462781293021977 0.2290589062412067 0.7162217122968462 13.608212533640078
HUMAN micro 2939735.0 469 12.707742754396689 0.7066604266752328 1.1369659456707049 0.23214711836624582 0.7189778571515615 13.660579285879669
HUMAN micro 2406231.0 384 7.606476655276921 0.7291181437795534 0.9348253950842098 0.23782466790585696 0.7063092757826008 12.713566964086814
HUMAN micro 2486125.0 387 11.187430471465184 0.8849099134862339 1.0859121510905818 0.2752905985679408 0.746369066044842 14.181012254851998
HUMAN micro 2661339.0 462 7.977489405266134 0.8168346554924522 0.9531549012682115 0.25931540530766917 0.7157454214797249 12.883417586635048
HUMAN micro 2071352.0 425 8.494701577212416 0.6400419095041786 0.9774813192145164 0.21485494611711728 0.7026870024619267 12.648366044314681
HUMAN micro 3087547.0 398 16.56173526630863 0.8746117657460664 1.2445674261115989 0.27291133848911425 0.7539822081065557 15.079644162131114
HUMAN micro 2617684.0 437 16.034231939547965 0.8275659246505016 1.2313225563402885 0.2618730519475665 0.7444322566174112 14.144212875730812
HUMAN micro 994197.0 289 14.952630424907461 0.7555354631124582 1.2028323039972069 0.24440960695915442 0.736206818227127 13.251722728088286
HUMAN micro 3286029.0 461 15.050308210633 0.8936851286465483 1.2054833764849395 0.2773077686168655 0.7396725997916666 14.053779396041664
HUMAN micro 2318218.0 434 8.143325655077104 0.755018272997544 0.961104188179175 0.24428164263699245 0.713890571268425 12.85003028283165
HUMAN micro 3232980.0 367 17.143435929924454 0.7448466835860844 1.2587195354309997 0.24175727232798408 0.7352970971271747 14.705941942543495
HUMAN micro 2972561.0 378 14.330352032624315 0.7572918249163182 1.1855521277226602 0.24484388865914156 0.7262207580780122 13.798194403482233
HUMAN micro 2458345.0 409 8.006970274135533 0.8979505600887367 0.9545787294363064 0.27828489525655237 0.7251019335618515 13.051834804113327
HUMAN micro 1101270.0 259 7.88187080851629 0.7247663371781082 0.948504451841875 0.2367302673236325 0.7096218094654132 12.063570760912024
HUMAN micro 3419284.0 400 10.964920776104643 0.7052608396095349 1.0779098273444 0.23179081883514283 0.7044055432242231 13.383705321260239
HUMAN micro 2916907.0 479 13.129153373955859 0.682344764588717 1.150116139482322 0.22591500098347123 0.7293442762565727 13.857541248874881
HUMAN micro 2633722.0 359 7.4078125208352015 0.7793611899123914 0.9246830191388216 0.25026411383104147 0.7065480142669904 12.717864256805829
HUMAN micro 3522280.0 422 11.657179944488163 0.7807083886360796 1.102336954419529 0.2505928045977492 0.7230217767079418 13.737413757450893
HUMAN micro 1645308.0 356 8.26750488981478 0.6568387797220943 0.9669628238485143 0.21928025103641935 0.6904916762955496 11.738358497024343
HUMAN micro 2876693.0 563 14.955958843519767 0.8652602591483298 1.2029229074287702 0.2707394373383581 0.7470728735012825 14.194384596524367
HUMAN micro 1275579.0 393 7.833438173442508 0.6610234800513216 0.9461297736938283 0.22037577163540997 0.6992744371947652 11.887665432311008
HUMAN micro 3634452.0 426 10.038041141104683 0.7840400727609917 1.042892008439287 0.25140460518781516 0.7250066019377082 13.775125436816456
HUMAN micro 2117529.0 307 10.184014295518736 0.48253285662425155 1.0485977135215039 0.17100432719143135 0.6711453344445104 12.080616020001187
HUMAN micro 3249446.0 503 20.01775416741131 0.7761327265471547 1.3225863080381373 0.24947541654012256 0.7460659777831677 14.921319555663356
HUMAN micro 1546083.0 326 9.682133194732687 0.6150234732084268 1.0286579888528138 0.20817883887195676 0.7044355435216759 12.679839783390166
HUMAN micro 1324137.0 334 8.469372260243095 0.7749934701400464 0.9763211898851496 0.24919675970809216 0.7116304862468033 12.097718266195656
HUMAN micro 2001717.0 388 6.202888987133926 0.7061081712823936 0.8575067213646831 0.23200656299900035 0.6990895768229485 11.884522805990125
HUMAN micro 1644619.0 376 7.192091892425863 0.6465469213137311 0.9133948152320547 0.21657411122605302 0.685171126296912 11.647909147047503
HUMAN micro 3464639.0 536 13.113645853593338 0.7856189685657827 1.1496392157083006 0.2517887907765781 0.7276817995096246 13.825954190682868
HUMAN micro 3109993.0 506 14.891260681229616 0.7592335117395804 1.2011583519074143 0.24532348933190534 0.7332207933697577 13.931195074025394
HUMAN micro 3362293.0 426 12.502367800105292 0.8888008772937167 1.130409933854298 0.27618617578802107 0.7434626003092378 14.12578940587552
HUMAN micro 381091.0 317 9.2217752728563 0.5677413249685812 1.0095263286998986 0.19527440630358314 0.7073043466446534 11.316869546314454
HUMAN micro 2863718.0 468 8.581177795534611 0.8370491288792152 0.9814188993354059 0.264120770957871 0.7214019657550377 12.985235383590679
HUMAN micro 2112148.0 409 14.916308299940866 0.5738324268003244 1.2018423428685654 0.1969584891474416 0.6910009627724489 12.438017329904081
HUMAN micro 1930348.0 425 15.545051869405318 0.5810395950290278 1.2186681330287337 0.19894274639475906 0.7020244469850119 12.636440045730215
HUMAN micro 1352159.0 366 8.571877828191065 0.6075490684296317 0.9809971468071464 0.20616423809578605 0.6887110087123648 11.708087148110202
HUMAN micro 1953562.0 358 14.614015147851662 0.45136729794207237 1.1935145963572968 0.16177733337739167 0.6978378078982208 13.258918350066196
HUMAN micro 1785734.0 337 11.646776134205126 0.5043424166079225 1.1019798310007842 0.17734670109438247 0.6890075926164076 12.402136667095338
HUMAN micro 2546368.0 389 10.099695182276252 0.7633464290902093 1.0453110524377296 0.24633764268064337 0.7097490670056464 12.775483206101637
HUMAN micro 2532625.0 465 7.618128253062885 0.864527908839008 0.9354129528740758 0.27056888840210697 0.7257570615236958 13.063627107426525
HUMAN micro 1615877.0 368 10.928670256704581 0.67079171758067 1.0765920335812689 0.22292231372144874 0.7084404941345331 12.751928894421596
HUMAN micro 1679160.0 373 8.777326262227696 0.7054876282292718 0.9902201075158903 0.23184857334104333 0.7164606965710355 12.896292538278638
HUMAN micro 2998229.0 387 6.384354715112252 0.8225603119228937 0.8683125503033167 0.2606819088429127 0.7194270132091035 12.949686237763864
HUMAN micro 4452773.0 443 13.471982914861968 0.8563028492204218 1.160528041138549 0.2686488312663105 0.7410653516274356 14.821307032548711
HUMAN micro 2210574.0 497 6.519525378776146 0.8181217628778371 0.8761904294369162 0.25962296534092105 0.7101081405674322 12.071838389646347
HUMAN micro 2172223.0 372 9.003364915610979 0.7247293577684969 1.0001461118468684 0.23672095584452998 0.7147750232965954 12.865950419338716
HUMAN micro 3001944.0 413 15.469059842862816 0.9415827790872218 1.2166688076268954 0.28815591135614027 0.7528900469332035 14.304910891730866
HUMAN micro 3352666.0 444 15.796996526475395 0.9474681906048874 1.2252316324049943 0.28947037275918913 0.7612193428135925 15.224386856271849
HUMAN micro 440298.0 255 7.288620719096795 0.8365251294539664 0.9184822671096908 0.263996875239725 0.7307614503019548 11.692183204831277
HUMAN micro 1719232.0 353 8.117298536007539 0.7048977049100484 0.9598661755320869 0.2316983261285946 0.694218167440261 11.801708846484436
HUMAN micro 2769446.0 453 11.114580049748465 0.7709990402428848 1.0833083639759598 0.24821832583302672 0.7180768018059301 12.925382432506742
HUMAN micro 2963210.0 393 11.675430606757171 0.8311606764402335 1.1029627220063156 0.26272645343866524 0.7349951601242518 13.964908042360785
HUMAN micro 1801420.0 425 13.714200785850505 0.8001606070774664 1.1677366780074154 0.2553112538010211 0.7368041063315819 13.262473913968474
HUMAN micro 3376985.0 490 13.609786547262981 0.972032734067848 1.164643870826629 0.2949141195844253 0.7458229520605997 14.170636089151394
HUMAN micro 3193092.0 494 18.261208410908253 0.771283479782922 1.2846835304378574 0.24828807211793788 0.7296340699495656 13.863047329041747
HUMAN micro 1726404.0 422 7.807274799655316 0.7076272224204927 0.9448415471677946 0.23239306956407593 0.6955071570838096 11.823621670424764
HUMAN micro 3322792.0 478 11.92095034658473 0.7530312390870219 1.1112944575521726 0.24378965530784547 0.7244976552765736 13.7654554502549
HUMAN micro 3750042.0 501 15.599855896128505 0.7991584905480755 1.220104317932353 0.25506942267775606 0.7431020365026433 14.862040730052867
HUMAN micro 2548320.0 472 9.483399469237007 0.8892345738981052 1.020502134874098 0.27628588477453897 0.7284194842396617 13.11155071631391
HUMAN micro 1871402.0 380 12.95335786040122 0.6908964272674384 1.1446787326820171 0.2281170065073721 0.7121242573705007 12.818236632669011
HUMAN micro 3402129.0 553 17.982065637668946 0.7263732787816203 1.278343470800879 0.2371347052770287 0.7218170849154947 13.7145246133944
HUMAN micro 2519980.0 473 8.51529902483487 0.9959334649890458 0.9784224408411337 0.3001460598623092 0.7483797197534048 13.470834955561287
HUMAN micro 3309419.0 514 11.919509684135573 0.597600693692494 1.1112460318080597 0.20346824043723108 0.7090847269792465 13.472609812605684
HUMAN micro 1612212.0 284 6.692163162221184 0.8695872488966322 0.8860484876960291 0.27174573738549956 0.7094477137828984 12.060611134309273
HUMAN micro 3165935.0 356 12.643576088694987 0.9347623289563954 1.1349282172436694 0.2866276228110854 0.7393039957153328 14.046775918591322
HUMAN micro 3896075.0 440 11.94623047329972 0.8736186435785985 1.1121433342122176 0.27268119922862105 0.7379206587546362 14.020492516338088
HUMAN micro 1585734.0 285 6.308321137847575 0.5447069035393151 0.8638176226064538 0.18884608748192042 0.6599276404378026 11.218769887442644
HUMAN micro 2561936.0 469 12.476221241627073 0.6839301531781231 1.129568132260781 0.2263240736728846 0.700291211224805 12.60524180204649
HUMAN micro 2723767.0 354 8.727195951126088 0.8720680569260728 0.9879876646814465 0.27232163297590645 0.7096625459914185 12.773925827845535
HUMAN micro 2792318.0 426 6.540913978205431 0.8788878044276763 0.8774239866702266 0.2739008474913023 0.7276024395265261 13.096843911477471
HUMAN micro 1742165.0 336 9.085761249098795 0.8326418259400787 1.0037086832930542 0.26307759413977083 0.7219496162390988 12.99509309230378
HUMAN micro 2152613.0 355 6.754206184467278 0.7551648817811486 0.8895373447219888 0.24431792073585373 0.7139448970761422 12.851008147370559
HUMAN micro 2378076.0 470 8.320253205967285 0.811809490478052 0.969427711115851 0.25811253021505565 0.7234563830365229 13.022214894657413
HUMAN micro 1990796.0 364 8.724478278816859 0.8103087398499678 0.9878663105932332 0.25775264811715576 0.7104564962717677 12.788216932891817
HUMAN micro 1877380.0 408 8.306952054656334 0.6027591199775194 0.9688074766235253 0.2048682567737654 0.6942989677395579 12.497381419312042
HUMAN micro 2181306.0 446 14.540148370333256 0.743633897668467 1.1914551609326822 0.24145530346750002 0.7367599098769673 13.998438287662378
HUMAN micro 2540507.0 396 11.571074997993012 0.7097862427523765 1.0993724173625026 0.23294181834777394 0.721495669983506 13.708417729686614
HUMAN micro 2720624.0 564 9.473515748875522 0.9334946335929375 1.0200924900874255 0.28634297102806067 0.7376442429658572 13.277596373385428
HUMAN micro 2857800.0 353 13.625520412162125 0.6890047979913502 1.1651113283001493 0.22763088328220338 0.7093262980194452 13.47719966236946
HUMAN micro 1946228.0 356 8.121922655917967 0.6482495987731491 0.9600863855709534 0.217022978697173 0.6935079529610877 12.48314315329958
HUMAN micro 1784119.0 318 7.0581708008675355 0.681909594122634 0.9062364684492482 0.22580264792510524 0.6869163000236636 11.67757710040228
HUMAN micro 2387068.0 331 10.349661645168014 0.7997565830409357 1.0549829145840492 0.2552137707751115 0.7340000222664864 13.946000423063241
HUMAN micro 1784738.0 293 11.01037886337816 0.6275512567466921 1.0795567072929435 0.21153467476509458 0.7024246382142045 12.643643487855682
HUMAN micro 2122789.0 301 9.054037886146409 0.7521884579836542 1.002340517426105 0.24358081522286948 0.7158921999762798 12.886059599573038
HUMAN micro 1944380.0 257 7.082780707054672 0.7194730925412381 0.907560796167349 0.23539538408225724 0.7012988335696845 12.623379004254321
HUMAN micro 2289599.0 391 6.772420885334132 0.6517893893335891 0.890556310099251 0.2179546719908785 0.697043980948699 12.546791657076582
HUMAN micro 2578132.0 404 13.536543391742144 0.8267833486728643 1.1624611490017014 0.2616870443119886 0.7334555262528278 13.935654998803729
HUMAN micro 2683046.0 372 12.548260287134848 1.011623625141014 1.1318835316528777 0.3035467274699306 0.7600357134360004 14.440678555284007
HUMAN micro 2694915.0 381 16.16195875501516 0.7056938229958887 1.2345668539058847 0.2319010767043082 0.71943547828247 13.66927408736693
HUMAN micro 1898645.0 323 8.701674971210016 0.7391198076909994 0.9868467206534247 0.24032950151209576 0.7069548486255648 12.725187275260167
HUMAN micro 2378235.0 381 8.346795069230913 0.8450618056373053 0.9706627207813149 0.2660109186780899 0.7200339493856066 12.960611088940919
HUMAN micro 1997750.0 315 8.061534064505752 0.6807930789955577 0.9572017274065756 0.22551425110647128 0.6955643513588164 12.520158324458697
HUMAN micro 2183940.0 326 7.006659506484947 0.6510125161213677 0.9034513599672747 0.2177503656079427 0.6858306672941699 12.344952011295057
HUMAN micro 1907045.0 379 8.305933681513846 0.7810534098434229 0.9687599532203292 0.2506769431872649 0.719246245656031 12.946432421808558
HUMAN micro 2440019.0 370 15.510464989853487 0.7833967043096386 1.2177593046185657 0.25124795973689734 0.7269497685153614 13.812045601791867
HUMAN micro 2055715.0 318 11.1670315781688 0.7025163732135274 1.0851846352169654 0.23109129724390842 0.700652775483418 12.611749958701523
HUMAN micro 2491406.0 338 14.789324952856385 0.6819075872428026 1.1983635628444946 0.2258021297180865 0.7181635212223721 13.645106903225072
HUMAN micro 2304425.0 286 8.09973013332417 0.616853396523045 0.9590285128325174 0.20867064330313181 0.6890216180798611 12.4023891254375
HUMAN micro 1982791.0 448 11.651838562712475 0.8225416228417605 1.1021536416873736 0.26067745543395276 0.7299993784139208 13.139988811450575
HUMAN micro 2044884.0 360 7.955641914430394 0.6893767973208895 0.9520967202692121 0.2277265250871243 0.7030212584317616 12.654382651771709
HUMAN micro 1955569.0 381 7.1617702610370495 0.7232383634926458 0.9117843660108728 0.23634535451687258 0.6933940357807186 11.787698608272215
HUMAN micro 2253223.0 299 11.09259809930714 0.7349544834764649 1.0825196192207127 0.23928808556245124 0.7223942821113729 13.725491360116086
HUMAN micro 2407831.0 374 14.212608478218765 0.609628089188524 1.1822036881205433 0.20672554219860667 0.7129581890453068 13.54620559186083
HUMAN micro 1669492.0 343 10.748552028865666 0.663884869687455 1.069984344512128 0.22112327256212336 0.7018372844554235 12.633071120197624
HUMAN micro 2051600.0 458 10.606994046707591 0.6999710719882023 1.0647197616888866 0.23044153115310406 0.7139868364857279 12.851763056743103
HUMAN micro 1985881.0 469 10.80606063849884 0.8205767282861562 1.0721050095219544 0.26020898701568135 0.7233124165980731 13.019623498765316
HUMAN micro 1644996.0 384 13.008564446975626 0.6574371011508943 1.1463936324520416 0.21943705614685372 0.7107286197791438 12.793115156024589
HUMAN micro 2357249.0 374 12.779476048242373 0.7370578302693416 1.1392327042419088 0.23981427725468987 0.7253574013381647 13.78179062542513
HUMAN micro 2075082.0 344 6.135738443739648 0.7490477027050917 0.8534389228531585 0.24280165438380943 0.6876120769289583 11.689405307792292
HUMAN micro 2041929.0 351 4.62213570363252 0.6927636706326492 0.7499013241293906 0.22859632981334033 0.6833137011431082 11.616332919432839
HUMAN micro 2734827.0 467 19.086655206110237 0.8167504101650125 1.302907624828537 0.2592952669153219 0.7580964348181386 15.161928696362772
HUMAN micro 980806.0 356 8.783763992526165 0.6577134357500241 0.9905059679468926 0.21950945743934597 0.702009829110243 11.934167094874132
HUMAN micro 2487404.0 340 14.511033852627417 0.7041542067346057 1.1906407456877144 0.23150889096105343 0.7227808555337967 13.732836255142137
HUMAN micro 2223439.0 299 6.163203142214714 0.5972740621788463 0.8551072675472731 0.2033794392945719 0.6852156159782019 12.333881087607635
HUMAN micro 2902114.0 372 7.2532962210575525 0.7529778559476098 0.9166274327577209 0.24377643001250443 0.7078395666021009 12.741112198837817
HUMAN micro 3027149.0 341 10.175166933652775 0.6528898609481602 1.0482540193048917 0.21824391565488901 0.6965902565449398 13.235214874353856
HUMAN micro 2269293.0 365 8.697539589840304 1.0405110087902405 0.9866615612665862 0.30973894218400505 0.7465106408572338 13.437191535430209
HUMAN micro 1878103.0 296 5.333795622311278 0.6974527024028094 0.8016640455318724 0.22979768199722764 0.6752985661743027 11.480075624963145
HUMAN micro 2726854.0 351 8.299254576585145 0.6475629780882692 0.9684481371291446 0.2168420244881797 0.6920702003179909 12.457263605723837
HUMAN micro 2455183.0 380 12.535561491482936 0.8752336241716688 1.1314762761829769 0.2730553815933799 0.7388349975239386 14.037864952954832
HUMAN micro 2222282.0 407 5.922545138379985 0.8373315909185519 0.8402657962392716 0.2641875423213346 0.7024596752767506 11.94181447970476
HUMAN micro 2061518.0 393 9.19013402558684 0.8216173567903441 1.008179896095731 0.2604571556847973 0.7278633120404923 13.10153961672886
HUMAN micro 1967938.0 341 14.58144847402297 0.8770920682616996 1.1926078278574113 0.27348557456988437 0.7507064969284778 14.263423441641079
HUMAN micro 2407679.0 444 15.958868551956161 0.8156590601614857 1.2293968739800443 0.25903430112801723 0.7369418245003876 14.001894665507365
HUMAN micro 2529496.0 335 10.484482083351205 0.8486701528511654 1.0601114145580899 0.26685942950663577 0.7337796295100611 13.941812960691161
HUMAN micro 2058988.0 329 8.071224910832914 0.7660444824023394 0.9576659349208634 0.24700163821016982 0.7042496642339158 12.676493956210484
HUMAN micro 2631736.0 326 12.917614561278112 0.7357066281577069 1.1435648048398457 0.23947632191239343 0.7183177702911776 13.648037635532374
HUMAN micro 1719309.0 388 9.707717071934564 0.7153754216710926 1.029696887382198 0.23435918310604306 0.7145805007679475 12.862449013823056
HUMAN micro 2143671.0 353 8.828739399452816 0.8123632406120521 0.9924978202768496 0.258245244987372 0.7250671560567328 13.05120880902119
HUMAN micro 2631736.0 326 12.917614561278112 0.7357066281577069 1.1435648048398457 0.23947632191239343 0.7183177702911776 13.648037635532374
HUMAN micro 2049180.0 408 10.280498640314393 0.7232316785773696 1.052328297515286 0.23634366976593552 0.7068489253721025 12.723280656697845
HUMAN micro 3613878.0 456 13.383523322385958 0.9130718250510156 1.1578652818774922 0.2817312756403363 0.7353408670603606 13.97147647414685
HUMAN micro 2805341.0 431 14.109262833954297 0.6314277550599027 1.1792432760560605 0.212567846574077 0.7100719751774281 13.491367528371134
HUMAN micro 3037670.0 465 9.73539321942769 0.7355247175519739 1.0308179565412494 0.23943080332577457 0.7027206979271834 12.6489725626893
HUMAN micro 2779500.0 444 14.035170117149441 0.6801790173396685 1.1771083463388516 0.22535555678588517 0.7168929411911148 13.62096588263118
HUMAN micro 2797128.0 453 5.703710602094509 0.8283141737686832 0.8263152576171089 0.2620508260861622 0.6994686854228682 11.89096765218876
HUMAN micro 2678767.0 452 12.080757004103734 0.7250662906713579 1.1166328780243218 0.23680578875398972 0.7063165252327757 12.713697454189962
HUMAN micro 2289943.0 339 11.50898535042792 0.7965701271390798 1.0972220839075386 0.2544441740790047 0.729628040174243 13.862932763310617
HUMAN micro 2680909.0 438 12.589905328065633 0.8404570488657017 1.1332164312989477 0.2649256866790315 0.7399566797577318 14.059176915396904
HUMAN micro 2192385.0 323 9.308783699687572 0.7160193332852769 1.013207427293698 0.2345221764566345 0.704332391691067 12.677983050439206
HUMAN micro 2305308.0 356 11.45043570801925 0.6368909940087719 1.0951845500082555 0.21401975926732522 0.7121572795928116 13.530988312263421
HUMAN micro 2380384.0 314 12.768533909223072 0.8657437983346986 1.1388876984971343 0.2708520067155896 0.7362525560814683 13.9887985655479
HUMAN micro 2116203.0 401 12.22913877430172 0.8080852580398712 1.1215315722492676 0.257218905245128 0.7185109038835054 12.933196269903096
HUMAN micro 120194.0 182 6.200617862799112 0.4541969670120243 0.8573697634995219 0.1626232345099403 0.6703336054563167 9.384670476388434
HUMAN micro 3403221.0 439 14.232894420186915 0.7001140871559031 1.1827824319823315 0.23047806594284634 0.7174920422710376 13.632348803149714
HUMAN micro 2114491.0 354 13.438371558028038 0.5869133736673776 1.1595182137846336 0.20055322016060592 0.7078106439922773 13.448402235853269
HUMAN micro 3219922.0 406 7.170340308411255 0.9626862341729369 0.91224014600453 0.2928508764421352 0.7336668176042669 13.206002716876803
HUMAN micro 2377255.0 300 8.843419711728131 0.9750297826580939 0.9931460033015237 0.29557364899870336 0.7434139439755515 13.381450991559927
HUMAN micro 2261399.0 384 7.586520510795258 0.6453234011226255 0.9338172116666369 0.216251274637782 0.6937189042058719 12.486940275705694
HUMAN micro 2158634.0 327 6.8352613811895555 0.6804774159410717 0.8940534889366887 0.2254326803294014 0.6966698184697494 12.54005673245549
HUMAN micro 2589299.0 362 8.634278523216718 0.7598575168577285 0.9838191974431876 0.24547750750314845 0.7076935278037619 12.738483500467714
HUMAN micro 2997172.0 371 12.528407807970765 0.8463389818379177 1.131246686405321 0.2663114390661002 0.7318963240292464 13.906030156555682
HUMAN micro 2750908.0 441 9.008131997465282 0.968110297290231 1.000353024642274 0.29404943360865476 0.7362723621377181 13.252902518478926
HUMAN micro 2732138.0 463 10.463794979087844 0.6854037637801451 1.0593284104452005 0.22670395943636862 0.6998577876606061 12.59744017789091
HUMAN micro 3501560.0 380 12.851244074875222 0.703809034268335 1.141488782107245 0.23142091671525444 0.7102511130408768 13.49477114777666
HUMAN micro 2935961.0 349 11.68349559128634 0.6845552851906616 1.1032389622830836 0.22648526860252913 0.7140017027380977 13.566032352023857
HUMAN micro 2602121.0 407 10.0290603903402 0.6399550986063538 1.0425385147364425 0.21483195738035318 0.6919699721516223 12.455459498729201
HUMAN micro 2427268.0 410 13.180671812587772 0.6593729514594048 1.1516968061353714 0.21994400661366068 0.7184390660877764 13.650342255667752
HUMAN micro 2986675.0 362 12.196068691760642 0.7739944725395529 1.1204445675867765 0.2489522623112031 0.7235973941572847 13.74835048898841
HUMAN micro 2336864.0 441 5.817204869394468 0.7725857105559701 0.8336063455329442 0.24860724398009132 0.6985569402422441 11.875467984118151
HUMAN micro 1533454.0 303 7.621306723344691 0.8305273597015658 0.9355730964195936 0.2625762243831432 0.7193839098620107 12.229526467654182
HUMAN micro 1970707.0 387 8.604751831592635 0.6435207460159519 0.9824861480043465 0.21577519051279598 0.6992093401403426 12.585768122526167
HUMAN micro 1925705.0 297 13.907524658869646 0.590822738438666 1.1734055363945777 0.20162178995026653 0.704815061929188 13.39148617665457
HUMAN micro 2281640.0 421 6.453456048114145 0.7153909769291323 0.8723576948408899 0.2343631213297205 0.677891709098036 11.524159054666612
HUMAN micro 2001096.0 386 11.075895745703518 0.6308855733391878 1.081919354991908 0.21242349101533078 0.6977096339536883 12.55877341116639
HUMAN micro 1736016.0 359 14.466016416931994 0.6386957602885696 1.1893784668390037 0.21449833008504302 0.7271162592804593 13.815208926328726
HUMAN micro 1667268.0 370 12.162745045424357 0.6755229931920508 1.119346469350998 0.22415039203277107 0.7013149394793092 12.623668910627567
HUMAN micro 3634917.0 542 11.665341930212172 0.9244099169750447 1.1026169190693063 0.28429758626650753 0.7430230344993094 14.117437655486878
HUMAN micro 3108748.0 363 6.195754372719371 0.8162372734185857 0.8570763302720086 0.25917258416584604 0.7116433496556713 12.809580293802084
HUMAN micro 2553253.0 429 7.155997810129749 0.8649735801209386 0.911477100498857 0.27067268381818577 0.7308306425648918 13.154951566168053
HUMAN micro 3367301.0 437 12.825585959751287 0.828569316881744 1.140683546753866 0.2621114280968967 0.7385019104380617 14.031536298323172
HUMAN micro 2505190.0 400 12.117500439755572 0.7583462563940248 1.1178510874298135 0.2451044011325265 0.7279055138798516 13.83020476371718
HUMAN micro 2368169.0 458 12.366923911610497 0.9655625611551978 1.126031475929291 0.29348687137263707 0.7512830476491321 13.523094857684377
HUMAN micro 2367467.0 453 9.845494550757515 0.8355347169024184 1.035249360478195 0.2637626030685881 0.7320423160824983 13.176761689484968
HUMAN micro 2143587.0 492 10.473513591514312 0.7384936581449304 1.0596964344431474 0.24017311075831357 0.7305023449695436 13.149042209451784
HUMAN micro 2153340.0 518 12.237353712172146 0.9866285694175012 1.1218011736936373 0.29811667670661507 0.7552732692792564 13.594918847026616
HUMAN micro 1253204.0 312 14.750878516450651 1.0429331776450805 1.1973047818847553 0.3102541615151585 0.7856579024290176 14.927500146151333
HUMAN micro 1528475.0 400 9.1441077357187 0.6530103602529103 1.0062138529962215 0.21827557552339547 0.7003535134622824 11.9060097288588
HUMAN micro 2180946.0 430 11.024247353968345 1.0653493117691846 1.0800579016572445 0.31499351427051275 0.7583259110162498 13.649866398292497
HUMAN micro 2358414.0 436 11.21112089929731 1.114591263597921 1.0867555311059305 0.32522643359342024 0.7661513775503327 14.55687617345632
HUMAN micro 2630794.0 538 13.677868466580492 0.9221663142941652 1.1666629915190647 0.283790962029366 0.7626452618653194 14.49025997544107
HUMAN micro 1116815.0 404 13.915546571351673 0.7058722713270172 1.1736391724532105 0.23194650987103688 0.7442751643523707 13.396952958342673
HUMAN micro 1388238.0 370 9.233722417465827 0.6975310901665747 1.0100336328630086 0.22981773709930653 0.7160754968915141 12.17328344715574
HUMAN micro 2186204.0 628 14.359019513435218 1.3974236714904773 1.1863634921605917 0.3797447891156159 0.8109459666691442 15.40797336671374
HUMAN micro 2316547.0 530 10.760141937616648 0.9897138674279192 1.0704125634366919 0.29879062679573887 0.7500387562496882 13.500697612494388
HUMAN micro 2683441.0 437 11.506341030613116 0.9798440507101301 1.0971302671156453 0.29663098289618295 0.7529105400498723 14.305300260947575
HUMAN micro 2927864.0 514 11.846136120672808 0.8666564829771893 1.1087725195887053 0.2710644029657114 0.7463237840290273 14.18015189655152
HUMAN micro 2267631.0 497 14.878007441651897 0.7863235999522261 1.2007960011521133 0.2519601359317746 0.7454394386789033 14.163349334899163
HUMAN micro 2194738.0 523 9.848514739430518 0.8514906100272301 1.0353702833805427 0.2675215138341786 0.7361344050085217 13.25041929015339
HUMAN micro 2903052.0 448 12.378481040533135 1.0007428429655991 1.1264068075153435 0.3011912720155243 0.7529972352807205 14.30694747033369
HUMAN micro 3985888.0 667 13.63554017296627 1.2288061548211278 1.1654087561383952 0.34807229838048154 0.7908411058387105 15.0259810109355
HUMAN micro 5387979.0 508 9.2682111115944 1.0622590463592594 1.0114947890662156 0.3143432173675804 0.7708436033305757 14.646028463280938
HUMAN micro 2478899.0 590 13.161334889147323 0.9319131262552347 1.151104193160672 0.28598759328224366 0.7488461105708379 13.479229990275083
HUMAN micro 2726184.0 561 11.278226871148524 0.8615748166674435 1.0891356538021884 0.26988049519469065 0.7358717755988954 13.245691960780118
HUMAN micro 2742348.0 548 12.201122632085674 0.8563207242283163 1.120610865462556 0.26865301322396873 0.7503569777860873 14.25678257793566
HUMAN micro 2586653.0 554 13.3043011865265 0.8096312707299458 1.155466645905799 0.25759009232724733 0.7476266988932248 14.20490727897127
HUMAN micro 2546970.0 560 13.680829513710808 0.8640958515765989 1.1667505952973096 0.27046823996030794 0.7501049456095851 14.251993966582116
HUMAN micro 2836986.0 632 11.778061056483692 0.816084530405481 1.106464958958948 0.25913605907178094 0.7318617223099338 13.17351100157881
HUMAN micro 2622732.0 575 11.549559964634405 0.927042063320645 1.0986284980655419 0.28489119450427 0.7401899867426942 13.323419761368497
HUMAN micro 1634344.0 468 12.83762722046762 1.2124777601431218 1.1410616267245814 0.34487891385769814 0.7745131858411227 13.941237345140209
HUMAN micro 2252744.0 493 20.1119510886339 1.1706933774125048 1.3245283710562048 0.3365984812607542 0.7911521327124988 15.823042654249978
HUMAN micro 3173299.0 532 13.073064565736933 0.8916351375823496 1.1483886801687 0.27683737254384927 0.749776662369278 14.245756585016283
HUMAN micro 2376427.0 575 14.96093619564734 0.8907120401684779 1.2030583614933565 0.27662538982400736 0.7650864211281928 14.536642001435663
HUMAN micro 2905939.0 484 9.722381212766447 1.456830774322275 1.030291243633348 0.39037524345236924 0.8015839843163344 15.230095702010352
HUMAN micro 2603480.0 462 10.525253107525563 1.3903659331772016 1.0616504717618724 0.3784643907366333 0.801808498922345 15.234361479524555
HUMAN micro 3495961.0 471 11.156745122823459 1.482885453409216 1.0848173114155626 0.3949566840733701 0.8080090142744142 15.35217127121387
HUMAN micro 1191789.0 426 10.162584522417092 0.6845793744675822 1.0477647603606894 0.2264914790043662 0.7146178532967346 12.148503506044488
HUMAN micro 2712753.0 586 11.193575964766772 0.8250954035330026 1.086131088228633 0.2612855713376963 0.7302645747866021 13.144762346158839
HUMAN micro 2359873.0 550 8.952764401132283 0.9632561282318478 0.9979437237017532 0.29297696176073945 0.7489305774519086 13.480750394134354
HUMAN micro 873179.0 454 10.319201193127888 0.7589880222623864 1.053815779356005 0.24526288216180342 0.7381023152864794 12.54773935987015
HUMAN micro 2940012.0 605 10.420183997694634 1.0269075057088808 1.0576731011549891 0.306833930894901 0.7529278532347928 13.55270135822627
HUMAN micro 2313362.0 604 13.675321574409995 0.8519200788184438 1.1665876265439543 0.2676222404036469 0.7419424144906541 13.354963460831774
HUMAN micro 3107563.0 541 13.546999786547037 0.950594431254386 1.1627734324626395 0.29016698001565494 0.7600273482012714 14.440519615824156
HUMAN micro 2275839.0 584 11.160843335995564 1.012970261800209 1.0849636936430744 0.3038373589763495 0.7638557259020144 13.74940306623626
HUMAN micro 2237349.0 682 9.507776054589597 1.0012459182525348 1.021510808376273 0.30130045913986914 0.7607374878666814 13.693274781600264
HUMAN micro 2763406.0 510 10.89181461198902 1.198861559455438 1.0752481301311378 0.34219788699733394 0.789205367991843 14.994901991845017
HUMAN micro 3228844.0 538 13.712318292019516 0.9399390839635079 1.1676811120274933 0.28778809286122187 0.7498009492484432 14.246218035720421
HUMAN micro 3213790.0 413 9.445479472001864 1.303022693803584 1.0189283799089932 0.36229821748881236 0.7862638447349334 14.939013049963734
HUMAN micro 1576356.0 362 11.836810592637743 1.530841843456493 1.10845713322828 0.40326500621702743 0.8119198377413778 15.426476917086177
HUMAN micro 2538751.0 550 13.161043178986912 0.8864503873775009 1.1510952470112574 0.2756453879777713 0.7531702447108704 14.310234649506537
HUMAN micro 2896860.0 515 15.994251023502896 0.7248329829040052 1.2303020289645326 0.2367470483282173 0.7308658971404417 13.886452045668392
HUMAN micro 1817389.0 459 17.253391481294198 0.7164387517643214 1.2613435682319711 0.2346283109686667 0.7376550170442684 14.0154453238411
HUMAN micro 1747036.0 568 11.902203256573083 0.7403504806154944 1.11066387932774 0.24063671751806065 0.7320114251263323 13.176205652273982
HUMAN micro 2202901.0 494 15.122987925137284 1.032528233059878 1.207445528731618 0.3080365869238929 0.7635856654973346 14.508127644449358
HUMAN micro 1703922.0 525 14.599436693608776 1.089796253250852 1.19310891596508 0.3201039462056761 0.7916192492441458 15.040765735638772
HUMAN micro 2217749.0 624 12.940888768599013 0.931588135133973 1.1442904620685992 0.2859145290633317 0.7473538814797523 13.452369866635543
HUMAN micro 1771555.0 425 18.569003054246426 1.235416127481418 1.2915687010249834 0.34935837983798823 0.7992833960202826 15.186384524385371
HUMAN micro 2051540.0 423 14.08869522967561 1.4373904417040264 1.1786516864918528 0.38692510370073985 0.8201309237237461 15.582487550751175
HUMAN micro 2537081.0 400 10.388971476543428 0.8156663258993821 1.056484505270432 0.25903603904436456 0.7230420462219471 13.014756831995049
HUMAN micro 2865689.0 465 18.58098374198561 0.9623629940383726 1.2918345068227752 0.29277934541211437 0.77473710273243 15.4947420546486
HUMAN micro 1778469.0 545 22.149009816004234 1.0091795969491864 1.3645324190843193 0.3030187592857532 0.7977394833488717 15.954789666977433
HUMAN micro 1657432.0 476 20.57640548937939 1.104261344988983 1.3339790952980592 0.3230996773248665 0.8138823281880878 16.277646563761756
HUMAN micro 1873896.0 488 11.416530493841137 0.7575078582269613 1.0940002594574543 0.24489727552797946 0.7299455147519054 13.139019265534298
HUMAN micro 3538521.0 455 12.19110117418081 0.9321994588029616 1.1202810513392878 0.28605195613035295 0.7445687522211382 14.146806292201624
HUMAN micro 2334548.0 559 14.547148008907802 1.0423285119573402 1.1916507330675201 0.31012560036365727 0.7754473394214223 14.733499449007024
HUMAN micro 2107289.0 588 14.462348413563225 1.2327147794579598 1.189275455015465 0.34883324720080167 0.7926545162072306 15.060435807937381
HUMAN micro 2675666.0 629 10.603357973970375 0.9192857110851314 1.064583690823862 0.283139630030705 0.741928556765503 13.354714021779053
HUMAN micro 2430239.0 481 13.869901382020446 1.1861765735517897 1.1723080882673234 0.33968523621489966 0.7807321211131526 14.8339103011499
HUMAN micro 2405950.0 476 12.455247214313705 1.214349369020731 1.1288916814996977 0.3452461427702088 0.7863197352787641 14.940074970296518
HUMAN micro 2765066.0 581 11.875619744282474 0.9067208771748249 1.1097681421826973 0.28028712179532034 0.7384078055063757 13.291340499114764
HUMAN micro 2116919.0 431 12.866841095302984 1.0057541907190035 1.1419775388578826 0.3022777082678953 0.7591179508699053 14.4232410665282
HUMAN micro 2500396.0 487 13.47753376312938 1.068659151868902 1.1606945864269405 0.31568893887405497 0.7782548531989761 14.786842210780547
HUMAN micro 2557104.0 529 11.616999438919219 0.8580325043626807 1.1009560837463206 0.2690533072582003 0.7286520874720298 13.115737574496537
HUMAN micro 2347270.0 575 10.117948847135619 0.9324173432994083 1.04602467155019 0.2861009265920804 0.7509608762487415 13.517295772477347
HUMAN micro 892931.0 234 14.944387330080948 1.7222502468416088 1.2026078359479269 0.43492804585884765 0.8402413925930867 15.964586459268649
HUMAN micro 1076557.0 222 14.55758511361964 1.8282979725595752 1.191942185634283 0.45152516220453814 0.8562292615364525 16.268355969192598
HUMAN micro 1688218.0 400 12.111115365869443 0.6550894427148424 1.1176396388020537 0.2188214684609134 0.7033114026696681 12.659605248054024
HUMAN micro 2587057.0 546 16.33428652801168 1.0760343734174718 1.238905970980923 0.3172345399577048 0.7859261536621777 14.932596919581377
HUMAN micro 1099576.0 320 9.73680752311423 1.4690097429640128 1.0308751676576182 0.39252280370558945 0.8037394699884062 14.46731045979131
HUMAN micro 1034402.0 423 7.645694476014893 0.7192598244008337 0.9367998842481458 0.23534151471880316 0.7168144495027068 12.185845641546015
HUMAN micro 1468446.0 422 8.7316351863655 1.5026855752851294 0.9881858199959329 0.39840629048069987 0.8011291974171307 13.619196356091223
HUMAN micro 2189119.0 485 9.331293482636278 0.9978775599092649 1.0141546987901027 0.3005688689324282 0.7476267629076645 13.457281732337961
HUMAN micro 1301765.0 329 12.95747365645336 1.2823500144791007 1.1448068168292744 0.3583822473128751 0.7862437681829687 14.152387827293436
HUMAN micro 1616017.0 381 11.221208244085132 1.1225348089827287 1.0871141443516525 0.3268548212835563 0.7639349557030939 13.75082920265569
HUMAN micro 1526554.0 438 11.69150089772733 0.7337564940577411 1.1035129848257164 0.23898810080270252 0.7265703814745373 13.078266866541671
HUMAN micro 1485365.0 392 9.810241390282641 0.7131682244031965 1.0338353917606427 0.2338000105679067 0.7125903024519333 12.114035141682868
HUMAN micro 1276649.0 517 11.817013601401554 1.1267095001557195 1.107786845189052 0.3277081710989619 0.7620558875383999 12.954950088152799
HUMAN micro 1121503.0 322 8.723270905051528 1.3560602033518934 0.9878123860223644 0.37218638358937145 0.7885536727132713 13.405412436125612
HUMAN micro 2586595.0 500 10.334437723367328 0.8653205337875878 1.0543999805987754 0.27075347104768305 0.7318009162847036 13.172416493124665
HUMAN micro 2409903.0 542 13.95068032194922 0.8499349232739718 1.1746609554260667 0.26715645112727604 0.7457961608984853 14.170127057071221
HUMAN micro 2938295.0 407 13.715940807309423 0.9858061828471046 1.167788032277424 0.29793685854627233 0.7566819243716759 14.376956563061842
HUMAN micro 1991892.0 463 16.456710196131695 0.9227447279720659 1.2419624021252773 0.2839216292243691 0.7602218334803978 14.444214836127559
HUMAN micro 1954736.0 455 12.612081683513562 0.8251656401402868 1.133924546550187 0.26130228431828034 0.7421828546784951 13.359291384212911
HUMAN micro 2102287.0 481 10.435842847120618 0.8096429692744301 1.0582681785941985 0.25759289985880146 0.7407942049157676 13.334295688483818
HUMAN micro 2317861.0 418 7.213563691594783 0.9185397509524923 0.9145316292011609 0.28297080193958446 0.736147408465341 13.250653352376139
HUMAN micro 1132868.0 308 8.207960950256215 0.9906840789097463 0.9641634688402186 0.29900234306474605 0.7534811800745012 12.80918006126652
HUMAN micro 2764712.0 469 11.359878067691719 0.8329038075717135 1.092014186384686 0.26313967339811234 0.7502891772706652 14.255494368142639
HUMAN micro 2090701.0 393 8.710627105646175 1.0000283948269713 0.9872472772537798 0.30103616147854617 0.7563618981052214 13.614514165893985
HUMAN micro 2072800.0 378 9.78634061037642 0.97429120338167 1.0328741302921536 0.29541121048885705 0.7444682358667302 13.400428245601143
HUMAN micro 2283939.0 486 13.030864456783057 0.8226666317051542 1.1470844292069202 0.260707242845695 0.7549274588821262 14.343621718760398
HUMAN micro 1984444.0 502 14.454526059877114 0.7618729385717069 1.1890556912022257 0.24597458508232173 0.7319093974963007 13.174369154933412
HUMAN micro 1796264.0 414 9.68899839934664 1.1704148030903676 1.0289370120360655 0.3365427428243736 0.7698319271743418 13.856974689138152
HUMAN micro 2459102.0 456 12.6115422093484 1.0833057424997155 1.1339073342456083 0.31875301096386643 0.7649363162342977 14.533790008451657
HUMAN micro 2139531.0 565 15.871426178474902 0.9290729598259643 1.2271517960012348 0.28534865348660476 0.7636922416783014 14.510152591887726
HUMAN micro 2081964.0 530 15.067316244140137 0.8597241169597731 1.2059433417480017 0.2694485230520053 0.7591260054060218 14.423394102714415
HUMAN micro 2010847.0 427 11.704599534109063 1.2119839870295974 1.1039609800618944 0.3447819787041541 0.7927778767694647 15.062779658619828
HUMAN micro 2002431.0 479 14.31275959630766 1.190450299720293 1.1850534643396795 0.34053340368990953 0.7874669954446349 14.961872913448063
HUMAN micro 4237806.0 1092 14.280870800079684 0.8954313262446368 1.1841481037745927 0.2777080540363704 0.735634927955148 13.241428703192664
HUMAN micro 1852916.0 445 12.452229645063547 0.7332843402815548 1.128794272613205 0.23886981331162704 0.7289069034195532 13.120324261551957
HUMAN micro 3449219.0 617 9.326879495211385 1.1399387292826522 1.013969109250016 0.33040133880929135 0.7749758548687259 13.949565387637065
HUMAN micro 2350114.0 440 11.104523770580355 1.0101732668070047 1.0829477076251237 0.30323349302996727 0.7596519488143877 14.433387027473366
HUMAN micro 2600132.0 616 15.841415527859095 0.7762890818000405 1.2263785913264702 0.24951364636037038 0.7452781842118801 14.160285500025722
HUMAN micro 2890560.0 454 8.662714810556409 0.8669593839045959 0.985099161777851 0.27113486988374197 0.7283874479514094 13.110974063125369
HUMAN micro 2210726.0 509 11.6692417443705 1.0040356387708067 1.1027506230846982 0.3019054405404568 0.7583126258557524 13.649627265403543
HUMAN micro 2277824.0 468 11.277763288620156 1.0935403568710793 1.0891192560652052 0.3208813371391122 0.7787530716867077 14.796308362047446
