FUNGI micro 2788.0 106 7.501073244381668 0.7403063428399742 0.9294737580306544 0.24062570304962827 0.7374854484743335 6.637369036269002
FUNGI micro 4504.0 208 6.7912198234312235 0.8200335747728746 0.8916054578153212 0.26007939963567717 0.7373348628858213 6.6360137659723915
FUNGI micro 5215.0 265 8.547499914254907 0.9505062419978533 0.9798896631450024 0.2901473444765136 0.7642799844206009 6.878519859785408
FUNGI micro 8268.0 280 6.477344150860114 0.7361636155976781 0.8737473698642618 0.2395906505656498 0.7029678718731291 6.3267108468581625
FUNGI micro 5379.0 233 10.286582235040742 0.748041318282909 1.0525624502352042 0.24255169379620667 0.7674037821410966 7.674037821410966
FUNGI micro 12214.0 376 5.252338350727148 0.6178690598560703 0.7960424722066629 0.2089433696352659 0.7015070830899613 6.313563747809652
FUNGI micro 5114.0 224 5.240816106736773 0.7412066623202787 0.7952413857524724 0.24085032021485658 0.6995743398650566 5.596594718920453
FUNGI micro 8817.0 224 2.703830953977609 0.5626172992251834 0.5686511568894687 0.19385262793237706 0.6293253981780378 5.034603185424302
FUNGI micro 2267.0 134 6.283633868220931 0.9468992059240311 0.8623481066715173 0.28934346798427657 0.7368411747000354 5.894729397600283
FUNGI micro 8268.0 280 6.477344150860115 0.7361636155976812 0.8737473698642619 0.23959065056565057 0.7029678718731291 6.3267108468581625
FUNGI micro 6376.0 206 11.747796714607338 1.0789179783368836 1.1054351292895979 0.31783735500805144 0.7950135064241547 8.745148570665702
FUNGI micro 8174.0 224 5.9966299089407755 0.8939789747746455 0.8448889022449025 0.2773751535531919 0.7384419516090018 7.384419516090018
FUNGI micro 3643.0 214 4.774746203294171 0.6839558555442422 0.7615329019960541 0.22633070239829195 0.712175403001914 5.697403224015312
FUNGI micro 8025.0 218 6.130404773101295 1.0125172059249257 0.8531141842326015 0.30373960203682965 0.75552779882173 7.5552779882173
FUNGI micro 8025.0 218 6.130404773101299 1.0125172059249248 0.8531141842326018 0.3037396020368295 0.75552779882173 7.5552779882173
FUNGI micro 8025.0 218 6.130404773101299 1.0125172059249261 0.8531141842326018 0.30373960203682965 0.75552779882173 7.5552779882173
FUNGI micro 5729.0 196 5.624695010722443 0.8708747422705869 0.8211658889168852 0.27204471183902873 0.7144762001680006 6.430285801512006
FUNGI micro 9579.0 249 6.298730804218125 0.7590946379222875 0.8632473460592264 0.24528920479106836 0.7339982476063784 7.339982476063785
FUNGI micro 7507.0 203 9.75811587549277 0.8248302542994717 1.0317362177498863 0.26122247260089937 0.7455949607607074 7.455949607607074
FUNGI micro 7507.0 203 9.758115875492773 0.8248302542994709 1.0317362177498866 0.26122247260089915 0.7455949607607074 7.455949607607074
FUNGI micro 6011.0 156 4.652311200945912 0.8247024939940508 0.7522260649127082 0.2611920656422556 0.707882917566974 6.370946258102766
FUNGI micro 6391.0 188 9.603262316882924 1.0198180788676794 1.025439505665052 0.3053122551387914 0.7505572145008058 7.505572145008058
FUNGI micro 9579.0 249 6.298730804218124 0.7590946379222869 0.8632473460592263 0.2452892047910682 0.7339982476063784 7.339982476063785
FUNGI micro 6011.0 156 4.652311200945912 0.8247024939940497 0.7522260649127082 0.26119206564225533 0.707882917566974 6.370946258102766
FUNGI micro 5729.0 196 5.624695010722446 0.8708747422705867 0.8211658889168854 0.2720447118390287 0.7144762001680006 6.430285801512006
FUNGI micro 7507.0 203 9.758115875492775 0.8248302542994711 1.0317362177498866 0.26122247260089926 0.7455949607607074 7.455949607607074
FUNGI micro 30881.0 383 5.792926613611368 0.5035948201238627 0.8320569227791875 0.17713082090217766 0.67655077633123 7.442058539643529
FUNGI micro 8730.0 243 6.290744733270619 0.7584969705224041 0.8627718927940171 0.24514162446613383 0.7271061272339502 7.271061272339502
FUNGI micro 6391.0 188 9.603262316882914 1.0198180788676792 1.0254395056650516 0.3053122551387914 0.7505572145008058 7.505572145008058
FUNGI micro 30881.0 383 5.792926613611368 0.5035948201238618 0.8320569227791875 0.1771308209021774 0.67655077633123 7.442058539643529
FUNGI micro 9579.0 249 6.298730804218125 0.7590946379222862 0.8632473460592264 0.24528920479106803 0.7339982476063784 7.339982476063785
FUNGI micro 6573.0 217 6.469853190958647 0.9010923087205172 0.8733120664762973 0.2790032048163422 0.7251897655053833 6.526707889548449
FUNGI micro 8164.0 415 11.38366773186996 0.9133624840022176 1.0928492908718221 0.28179725433939146 0.785234883953612 7.85234883953612
FUNGI micro 12214.0 376 5.252338350727148 0.6178690598560703 0.7960424722066629 0.2089433696352659 0.7015070830899613 6.313563747809652
FUNGI micro 8817.0 224 2.70383095397761 0.5626172992251842 0.5686511568894688 0.19385262793237726 0.6293253981780378 5.034603185424302
FUNGI micro 13365.0 302 6.619161701435254 0.6944969157719214 0.881907190700697 0.22904078269570188 0.710908648386857 7.10908648386857
FUNGI micro 12214.0 376 5.252338350727148 0.6178690598560703 0.7960424722066629 0.2089433696352659 0.7015070830899613 6.313563747809652
FUNGI micro 5114.0 224 5.240816106736773 0.7412066623202797 0.7952413857524724 0.2408503202148568 0.6995743398650566 5.596594718920453
FUNGI micro 8817.0 224 2.70383095397761 0.5626172992251847 0.5686511568894688 0.19385262793237737 0.6293253981780378 5.034603185424302
FUNGI micro 6376.0 206 11.747796714607338 1.0789179783368854 1.1054351292895979 0.3178373550080518 0.7950135064241547 8.745148570665702
FUNGI micro 9628.0 278 5.256385444051575 0.6656172811393741 0.7963234969360776 0.22157521808897385 0.6843042821053396 6.1587385389480565
FUNGI micro 7591.0 195 4.362449222254216 1.0233995556659998 0.7293631928199683 0.30608165028789425 0.7218623278550204 6.496760950695183
FUNGI micro 5379.0 233 10.28658223504074 0.748041318282909 1.052562450235204 0.24255169379620667 0.7674037821410966 7.674037821410966
FUNGI micro 13365.0 302 6.619161701435254 0.6944969157719206 0.881907190700697 0.22904078269570166 0.710908648386857 7.10908648386857
FUNGI micro 9791.0 298 11.078664622282682 0.820423188754341 1.0820189227593482 0.2601723589613115 0.7542271541689441 7.542271541689441
FUNGI micro 7659.0 296 5.623612603413204 0.8783835886924276 0.8210949238492989 0.273784285183228 0.7342882174304625 6.608593956874162
FUNGI micro 9628.0 278 5.256385444051573 0.6656172811393756 0.7963234969360775 0.2215752180889742 0.6843042821053396 6.1587385389480565
FUNGI micro 9791.0 298 11.078664622282677 0.8204231887543426 1.082018922759348 0.2601723589613119 0.7542271541689441 7.542271541689441
FUNGI micro 7659.0 296 5.623612603413204 0.878383588692428 0.8210949238492989 0.2737842851832281 0.7342882174304625 6.608593956874162
FUNGI micro 8478.0 231 8.126350230279455 0.8876708842467682 0.9602971311207525 0.27592627724222896 0.7464793764368579 7.464793764368579
FUNGI micro 9099.0 288 5.041314303453058 0.7882591123461654 0.7811314307806974 0.2524304467356621 0.7127788662372132 6.415009796134919
FUNGI micro 6391.0 188 9.603262316882914 1.0198180788676776 1.0254395056650516 0.305312255138791 0.7505572145008058 7.505572145008058
FUNGI micro 5379.0 233 10.28658223504074 0.7480413182829095 1.052562450235204 0.24255169379620678 0.7674037821410966 7.674037821410966
FUNGI micro 8730.0 243 6.290744733270619 0.7584969705224056 0.8627718927940171 0.24514162446613422 0.7271061272339502 7.271061272339502
FUNGI micro 9791.0 298 11.078664622282677 0.8204231887543427 1.082018922759348 0.2601723589613119 0.7542271541689441 7.542271541689441
FUNGI micro 8478.0 231 8.126350230279451 0.887670884246768 0.9602971311207524 0.2759262772422289 0.7464793764368579 7.464793764368579
FUNGI micro 14056.0 315 8.771289511406154 0.9472375329097178 0.989951881091665 0.2894189319719004 0.763848586512599 8.40233445163859
FUNGI micro 3885.0 198 7.459388155444291 0.8190322824578296 0.9273389528352973 0.2598404065779911 0.7572833635801202 6.815550272221081
FUNGI micro 8478.0 231 8.126350230279455 0.8876708842467679 0.9602971311207525 0.27592627724222885 0.7464793764368579 7.464793764368579
FUNGI micro 9099.0 288 5.041314303453058 0.7882591123461665 0.7811314307806974 0.25243044673566245 0.7127788662372132 6.415009796134919
FUNGI micro 14056.0 315 8.771289511406154 0.9472375329097154 0.989951881091665 0.28941893197189983 0.763848586512599 8.40233445163859
FUNGI micro 3885.0 198 7.459388155444296 0.8190322824578292 0.9273389528352975 0.259840406577991 0.7572833635801202 6.815550272221081
FUNGI micro 14056.0 315 8.771289511406156 0.9472375329097189 0.9899518810916651 0.2894189319719006 0.763848586512599 8.40233445163859
FUNGI micro 4504.0 208 6.791219823431223 0.8200335747728744 0.8916054578153212 0.2600793996356771 0.7373348628858213 6.6360137659723915
FUNGI micro 1121.0 101 5.169671625320749 1.3007013286161544 0.7902620497534522 0.36186024328709393 0.7639752462257974 5.347826723580582
FUNGI micro 4170.0 234 4.6712773275519615 1.386312311231358 0.7536808849655303 0.37772728181895665 0.7727867273649669 6.182293818919735
FUNGI micro 333.0 30 4.655382767010002 2.1549217577834083 0.7524620041287896 0.4989885931889427 0.8625460054091363 6.037822037863954
FUNGI micro 4189.0 284 8.10031976703471 0.8970448702458388 0.9590566528286518 0.2780776032501326 0.7763508923717901 6.987158031346111
FUNGI micro 4476.0 210 8.705901118754847 1.3370237959305353 0.9870358625203874 0.36866313446698495 0.7810695514919698 7.029625963427728
FUNGI micro 6201.0 300 5.211807082165369 0.8284294854276507 0.7932179595400948 0.26207821614785237 0.7113579530027933 5.690863624022346
FUNGI micro 2548.0 162 7.977993703660124 1.117609565306264 0.9531792964914947 0.3258458900189935 0.7915721114475467 7.12414900302792
FUNGI micro 4299.0 152 5.515288833675961 0.7956334749618502 0.8139336734777913 0.25421769310726117 0.7273624487345116 6.546262038610604
FUNGI micro 2473.0 178 5.44149969836073 0.929716215814287 0.8089869907912104 0.28549344633018947 0.7572603296267132 6.0580826370137055
FUNGI micro 4189.0 284 8.10031976703471 0.897044870245838 0.9590566528286518 0.2780776032501324 0.7763508923717901 6.987158031346111
FUNGI micro 2307.0 157 7.393472682599149 1.2040549337403215 0.9239416813120896 0.3432224146457089 0.8069168205431967 7.262251384888771
FUNGI micro 5151.0 122 4.122168331343738 1.3022215654191902 0.7094538467158669 0.3621471177335926 0.7679953716276171 6.911958344648554
FUNGI micro 1944.0 159 5.971190831084037 1.1677022388681155 0.8433069713826722 0.3359996261607748 0.7772131235157912 6.2177049881263295
FUNGI micro 7564.0 263 5.178133549359091 0.9457101536806365 0.7908572919749554 0.2890781452681462 0.7384235377212716 6.645811839491444
FUNGI micro 7564.0 263 5.17813354935909 0.9457101536806369 0.7908572919749551 0.2890781452681463 0.7384235377212716 6.645811839491444
FUNGI micro 7564.0 263 5.178133549359091 0.9457101536806359 0.7908572919749554 0.289078145268146 0.7384235377212716 6.645811839491444
FUNGI micro 5947.0 237 5.739307942226408 0.8588302316577311 0.8286153012380268 0.2692397271462775 0.7299209137124317 6.569288223411886
FUNGI micro 5005.0 237 4.580362076916071 0.8815521935981568 0.746662378669678 0.27451626999963785 0.7209786921281546 5.767829537025237
FUNGI micro 5130.0 213 6.634375229291335 0.8077700360371629 0.8827735016971604 0.25714318364370126 0.7419181771036616 6.677263593932954
FUNGI micro 5130.0 213 6.634375229291333 0.8077700360371628 0.8827735016971603 0.2571431836437012 0.7419181771036616 6.677263593932954
FUNGI micro 2816.0 155 5.689263248719601 0.7834137486301685 0.8253782874785183 0.2512521103664032 0.7271581215904435 5.817264972723548
FUNGI micro 4514.0 186 5.020565488651086 0.9664641894394203 0.7796372847905133 0.2936860420397083 0.723943872198755 5.79155097759004
FUNGI micro 5005.0 237 4.580362076916071 0.8815521935981577 0.746662378669678 0.2745162699996381 0.7209786921281546 5.767829537025237
FUNGI micro 2816.0 155 5.689263248719601 0.7834137486301677 0.8253782874785183 0.251252110366403 0.7271581215904435 5.817264972723548
FUNGI micro 5947.0 237 5.7393079422264055 0.8588302316577316 0.8286153012380267 0.26923972714627764 0.7299209137124317 6.569288223411886
FUNGI micro 5947.0 237 5.7393079422264055 0.8588302316577313 0.8286153012380267 0.2692397271462776 0.7299209137124317 6.569288223411886
FUNGI micro 5130.0 213 6.634375229291333 0.8077700360371626 0.8827735016971603 0.2571431836437012 0.7419181771036616 6.677263593932954
FUNGI micro 3164.0 144 7.471546017779557 1.1578799692781752 0.9279626742882873 0.3340272836601759 0.7787663895413003 7.008897505871703
FUNGI micro 4053.0 157 5.8404690152319745 1.1496691725123742 0.835085880045264 0.33237162847027474 0.7639835482982974 6.875851934684676
FUNGI micro 4514.0 186 5.020565488651083 0.9664641894394214 0.7796372847905131 0.29368604203970844 0.723943872198755 5.79155097759004
FUNGI micro 3164.0 144 7.471546017779557 1.1578799692781747 0.9279626742882873 0.33402728366017576 0.7787663895413003 7.008897505871703
FUNGI micro 5005.0 237 4.580362076916071 0.8815521935981575 0.746662378669678 0.2745162699996381 0.7209786921281546 5.767829537025237
FUNGI micro 125834.0 1038 11.386426688198192 0.4910119589089784 1.0929460365275954 0.17348112679796462 0.7156997177367613 9.304096330577897
FUNGI micro 6201.0 300 5.211807082165368 0.8284294854276515 0.7932179595400948 0.26207821614785254 0.7113579530027933 5.690863624022346
FUNGI micro 4299.0 152 5.515288833675961 0.7956334749618509 0.8139336734777913 0.2542176931072613 0.7273624487345116 6.546262038610604
FUNGI micro 10485.0 254 7.5633996975301745 1.0590404277341012 0.9326462152328812 0.31366487375230534 0.7579473090258968 7.579473090258968
FUNGI micro 6201.0 300 5.211807082165368 0.8284294854276507 0.7932179595400948 0.26207821614785237 0.7113579530027933 5.690863624022346
FUNGI micro 2548.0 162 7.977993703660122 1.1176095653062643 0.9531792964914946 0.32584589001899356 0.7915721114475467 7.12414900302792
FUNGI micro 4299.0 152 5.515288833675961 0.7956334749618511 0.8139336734777913 0.2542176931072614 0.7273624487345116 6.546262038610604
FUNGI micro 2307.0 157 7.393472682599154 1.2040549337403224 0.9239416813120899 0.3432224146457091 0.8069168205431967 7.262251384888771
FUNGI micro 2693.0 208 7.353707343162847 1.2110721808131482 0.9218792564838323 0.3446029204245611 0.7779539518989117 6.223631615191294
FUNGI micro 3180.0 160 7.254215002493278 1.4170323331591341 0.9166757770178118 0.3832824600967988 0.7982138050075456 7.18392424506791
FUNGI micro 4476.0 210 8.705901118754847 1.337023795930538 0.9870358625203874 0.36866313446698545 0.7810695514919698 7.029625963427728
FUNGI micro 10485.0 254 7.5633996975301745 1.0590404277341003 0.9326462152328812 0.3136648737523052 0.7579473090258968 7.579473090258968
FUNGI micro 5259.0 257 7.886444035571794 1.0393844203715619 0.9487280101630756 0.3094990972396731 0.756742551395831 6.810682962562479
FUNGI micro 17910.0 341 9.808027495930336 0.7205426330649173 1.0337464408729333 0.23566543840736703 0.73347318128892 8.06820499417812
FUNGI micro 2693.0 208 7.3537073431628475 1.211072180813149 0.9218792564838323 0.34460292042456125 0.7779539518989117 6.223631615191294
FUNGI micro 5259.0 257 7.886444035571793 1.0393844203715619 0.9487280101630755 0.3094990972396731 0.756742551395831 6.810682962562479
FUNGI micro 17910.0 341 9.808027495930336 0.7205426330649173 1.0337464408729333 0.23566543840736703 0.73347318128892 8.06820499417812
FUNGI micro 6240.0 216 4.779630164267411 0.9432297858597776 0.7619000490162581 0.28852415872142534 0.7402671388987337 6.662404250088604
FUNGI micro 3007.0 162 5.223729684037435 1.3569596396923358 0.7940507216293947 0.3723521457788925 0.7764523237429279 6.2116185899434235
FUNGI micro 4514.0 186 5.0205654886510835 0.9664641894394205 0.7796372847905131 0.2936860420397083 0.723943872198755 5.79155097759004
FUNGI micro 4476.0 210 8.705901118754847 1.3370237959305324 0.9870358625203874 0.36866313446698445 0.7810695514919698 7.029625963427728
FUNGI micro 4053.0 157 5.8404690152319745 1.1496691725123724 0.835085880045264 0.33237162847027435 0.7639835482982974 6.875851934684676
FUNGI micro 5259.0 257 7.886444035571794 1.039384420371562 0.9487280101630756 0.3094990972396732 0.756742551395831 6.810682962562479
FUNGI micro 6240.0 216 4.779630164267409 0.9432297858597785 0.7619000490162579 0.28852415872142556 0.7402671388987337 6.662404250088604
FUNGI micro 6704.0 235 9.636919580604777 0.7821232436137755 1.0268158758124772 0.25093773458896473 0.753276357535458 7.532763575354579
FUNGI micro 2099.0 144 6.345829559798782 0.8652916003334518 0.8660408474917677 0.27074673454492043 0.7530116590965465 6.024093272772372
FUNGI micro 6240.0 216 4.77963016426741 0.9432297858597782 0.7619000490162581 0.2885241587214255 0.7402671388987337 6.662404250088604
FUNGI micro 3007.0 162 5.223729684037435 1.356959639692336 0.7940507216293947 0.37235214577889253 0.7764523237429279 6.2116185899434235
FUNGI micro 6704.0 235 9.636919580604772 0.7821232436137743 1.026815875812477 0.25093773458896446 0.753276357535458 7.532763575354579
FUNGI micro 2099.0 144 6.345829559798782 0.8652916003334524 0.8660408474917677 0.27074673454492054 0.7530116590965465 6.024093272772372
FUNGI micro 6704.0 235 9.636919580604772 0.7821232436137773 1.026815875812477 0.2509377345889652 0.753276357535458 7.532763575354579
FUNGI micro 4170.0 234 4.6712773275519615 1.3863123112313593 0.7536808849655303 0.3777272818189568 0.7727867273649669 6.182293818919735
