GENTRY macro 152.0 12 1.9674416390921101 1.213977159261494 0.4723821864069176 0.3451731361190979 0.6935956183735539 4.161573710241323
GENTRY macro 212.0 28 2.979191242775686 0.4847834078469604 0.5997948121512374 0.17166310574926827 0.6292744208678969 3.146372104339484
GENTRY macro 192.0 19 1.3362915132492281 0.1371284034580984 0.36852703137560433 0.05580950757667974 0.5477558931048915 2.7387794655244573
GENTRY macro 166.0 30 1.4302844527281455 0.470426364866845 0.3856571085860741 0.16744328104797696 0.5604944958604068 2.241977983441627
GENTRY macro 175.0 25 4.608560587651933 2.0983243566031664 0.7488514157924595 0.4911268811149818 0.7565092559823031 4.5390555358938185
GENTRY macro 188.0 20 2.3487941462855044 0.572228182782785 0.5248884518456247 0.19651557690175378 0.6220976020006195 3.110488010003097
GENTRY macro 148.0 21 2.1961246268943904 0.6676999723654921 0.5046237054721383 0.22211792156177557 0.5889405390049138 2.944702695024569
GENTRY macro 226.0 26 2.6614925286844384 0.9475133174504747 0.5636581522911325 0.28948043613945657 0.6591147824071371 3.2955739120356853
GENTRY macro 95.0 17 0.6897331335603941 0.04302780440026285 0.22781812013212618 0.01829588573876227 0.41617343103257615 1.2485202930977284
GENTRY macro 162.0 24 1.5235149107514223 0.5647686219067679 0.4020058752032225 0.19445012868242192 0.5741364773350304 2.2965459093401215
GENTRY macro 184.0 23 2.8718320620852364 0.8522249131823125 0.5879165118358907 0.26769372134335495 0.6702986133452772 3.351493066726386
GENTRY macro 186.0 21 1.504492170210087 0.2733555382215854 0.39871967829350313 0.1049496815242638 0.5616774348156829 2.8083871740784145
GENTRY macro 211.0 23 1.7777448798681295 0.434523178829366 0.4436923557452294 0.15670756990956278 0.5545788810894285 2.772894405447143
GENTRY macro 118.0 20 2.0862826634337215 0.07519435240230365 0.4894356992863505 0.03148697452768419 0.5274226750987461 2.1096907003949843
GENTRY macro 117.0 18 2.3491299959926946 0.8027457232180764 0.5249320049440491 0.25593447392648927 0.6896351865610046 3.4481759328050234
GENTRY macro 141.0 22 3.5216878179641045 0.849357619102549 0.6553005749010511 0.26702090087533364 0.6874220774365289 3.4371103871826447
GENTRY macro 119.0 20 2.3569838627198596 0.4274434987495343 0.5259492535659861 0.15455892695856646 0.6664452017915418 3.3322260089577087
GENTRY macro 172.0 24 4.137795963584912 0.9874155173620002 0.7107768532100722 0.29828867638595696 0.7340691071346428 4.404414642807857
GENTRY macro 139.0 15 1.9546345478950589 0.3874775078709123 0.47050377163092905 0.142225951588066 0.5772279534508384 2.886139767254192
GENTRY macro 145.0 14 1.330820442478448 0.595976074652216 0.367508818417878 0.2030263765357613 0.5588518360356856 2.7942591801784276
GENTRY macro 209.0 13 0.5941537461821098 -0.2815049888369762 0.20253020407299918 0.10772030121097888 0.4266329413303794 2.133164706651897
GENTRY macro 94.0 20 3.473982311795969 1.543752328196326 0.6506942627501971 0.40547482406211266 0.7652796274055073 3.826398137027536
GENTRY macro 198.0 14 1.8692199788170403 0.7543730613968036 0.45776384623275235 0.2441219500781875 0.6475355922722384 3.885213553633431
GENTRY macro 162.0 22 2.541103662656161 0.560864254219341 0.5491386405283968 0.1933651348324637 0.6227829888864559 3.1139149444322793
GENTRY macro 148.0 24 3.5014076634788593 0.8697460015476465 0.6533483459716144 0.27178261315759406 0.6957701916873482 3.478850958436741
GENTRY macro 430.0 58 2.268071857483083 0.562639428215164 0.5142915971153641 0.19385877814599278 0.6018217269193725 3.0091086345968625
GENTRY macro 305.0 49 2.3725035917185524 0.5482175388329256 0.5279524208680982 0.18983198301164123 0.6703581936703703 3.3517909683518514
GENTRY macro 127.0 53 2.089376810589614 1.0402567215235787 0.4898708823316893 0.30968481729174424 0.7250552177470876 2.1751656532412627
GENTRY macro 283.0 116 7.316446028462869 1.6860441944510232 0.9199377734090262 0.4291131539947633 0.8498658542242999 4.2493292711215
GENTRY macro 338.0 128 4.184709915219679 1.2721327266385898 0.7147244626067054 0.35643369709316985 0.7894994964904325 3.15799798596173
GENTRY macro 304.0 132 6.916573373549291 1.5347381998650256 0.8985372413138785 0.40393310993150894 0.8534778303510837 4.2673891517554186
GENTRY macro 248.0 111 3.493756931402803 1.1292261197626137 0.6526095776057156 0.32822178513513095 0.8105898016759601 3.2423592067038403
GENTRY macro 262.0 123 6.621764917871641 1.6074399934714354 0.8820555494682125 0.41621432254282376 0.8352686735077808 3.341074694031123
GENTRY macro 268.0 40 3.7657574482532086 1.0550114792491068 0.678131935289968 0.3128142521783261 0.7561830665384232 4.537098399230539
GENTRY macro 167.0 39 3.4197000624117715 1.4082895722844846 0.6453927974804508 0.3817087052121585 0.784795708145549 3.923978540727745
GENTRY macro 445.0 40 2.705175414415167 -0.033836279188033315 0.5688087736403649 0.01445176827926053 0.5944571115658258 3.566742669394955
GENTRY macro 533.0 52 3.294421728126325 1.3455940005239924 0.632904691521893 0.37025284213964216 0.7414107148303631 4.448464288982179
GENTRY macro 257.0 27 1.6162367425208601 0.2314423889613604 0.4176770406149235 0.09041409888609844 0.5755974947224164 2.877987473612082
GENTRY macro 270.0 34 1.8437943188359853 0.4354422738933041 0.4538981822740429 0.15698573209292965 0.6402561365881706 3.201280682940853
GENTRY macro 326.0 70 4.839440436982901 0.5111745956276936 0.7663712329388267 0.17931464404595945 0.7048899326977225 3.524449663488612
GENTRY macro 450.0 70 3.899651009460127 0.8078113934834711 0.6901651473625195 0.2571531191470598 0.7430076129345374 4.458045677607225
GENTRY macro 373.0 80 3.4402683410989097 0.7005606488675167 0.6474092168571919 0.2305921252418692 0.7139327495605926 3.569663747802963
GENTRY macro 220.0 59 5.964631334098824 1.3064298164632677 0.8428981324176861 0.362940243775645 0.8028539688338856 4.014269844169428
GENTRY macro 282.0 92 8.276914322178179 2.0152252717384367 0.9674035456481289 0.47931976444239643 0.8694131086146605 5.216478651687963
GENTRY macro 152.0 28 3.869023594081096 1.1291351654356476 0.6874418790343721 0.32820323294584164 0.7515110952966768 3.7575554764833843
GENTRY macro 152.0 35 5.046854116604142 1.5438059660249686 0.7815294911595934 0.4054839815446041 0.7710315119621809 3.8551575598109045
GENTRY macro 45.0 10 2.3991666676689234 1.0631170756965582 0.5313724593975231 0.31452387357969214 0.6625182296237829 2.6500729184951317
GENTRY macro 277.0 85 4.4615730564441085 0.9967760255839898 0.7373177473457247 0.30032935364982305 0.7425940423178302 2.970376169271321
GENTRY macro 186.0 59 2.8865416271714652 1.1382947950512141 0.5895633236185159 0.33006757881400206 0.7744642103579293 3.0978568414317174
GENTRY macro 251.0 73 2.2020081958952424 0.821393261988891 0.5054224392096153 0.2604037256259798 0.7074565992716431 2.8298263970865722
GENTRY macro 302.0 109 3.7289406838432373 1.4341092134135458 0.6747638665971286 0.38634006022057726 0.7916853632846816 3.1667414531387266
GENTRY macro 314.0 131 3.1549432873487975 1.310812033802338 0.6185651002838931 0.36376462051051395 0.8122722271066549 3.2490889084266197
GENTRY macro 133.0 34 2.4287549244144286 0.8133003939425847 0.5351364443514053 0.2584697559019161 0.6805429443023765 2.722171777209506
GENTRY macro 293.0 41 2.8809878131958837 0.884747768984578 0.5889422790012647 0.275253237901103 0.6890037265517235 3.445018632758617
GENTRY macro 178.0 35 4.1505472558895224 1.2033717032257527 0.7118533761452871 0.3430877677103597 0.7321453365139803 3.6607266825699014
GENTRY macro 414.0 35 2.821001669672949 0.4669267560399428 0.5821772274632295 0.16640842997020938 0.6228068802478955 3.736841281487373
GENTRY macro 186.0 20 2.1672828133925295 0.692497065317255 0.5006868441777218 0.22852792431870203 0.6229033298014203 3.1145166490071015
GENTRY macro 234.0 99 3.3089681840100393 1.2134959336273714 0.6343732874139913 0.34507872848120236 0.8021076255546591 3.2084305022186363
GENTRY macro 449.0 78 3.8701130746316847 1.104993359735154 0.6875390448118595 0.3232507301788465 0.7654928295896459 4.592956977537876
GENTRY macro 374.0 36 4.127995680317102 0.34126748575658455 0.7099476506731563 0.12751539679551432 0.6382838303527075 3.8297029821162454
GENTRY macro 314.0 43 3.408887386884635 0.6293184484714979 0.6443290060889242 0.21200597497623846 0.7069280345005851 4.24156820700351
GENTRY macro 305.0 105 5.248768894076595 1.317691388899086 0.7957944629162058 0.3650556072009124 0.8238167590550087 4.119083795275044
GENTRY macro 487.0 146 3.778921302893655 0.8994298088694574 0.6793298788153248 0.2786232493601212 0.7167685194043599 2.8670740776174397
GENTRY macro 365.0 178 5.45844501655222 1.5390796790458738 0.8101279665985007 0.4046763297145976 0.8468754751132126 3.3875019004528504
GENTRY macro 433.0 156 8.975495856619089 1.8828234430639634 0.9989344925734425 0.4598180450760134 0.8832897539810617 5.29973852388637
GENTRY macro 309.0 133 5.370749097999433 1.6479351858158833 0.8041905014091436 0.42290735056108886 0.8256430444132739 3.3025721776530954
GENTRY macro 441.0 112 6.395133600028837 1.4525771295304022 0.8689460243411863 0.38962267411629936 0.8351650466440866 5.01099027986452
GENTRY macro 364.0 73 3.8299255661654574 0.6749158096257375 0.6839404379041629 0.2239929819197929 0.7054356800844591 3.5271784004222955
GENTRY macro 279.0 154 4.038197839942788 1.6041944117521336 0.7022752173717929 0.41567340263022795 0.80490407741453 2.41471223224359
GENTRY macro 516.0 90 2.9621588903508584 0.5160152223261565 0.5979318876131706 0.18070356207377944 0.6742488692250008 3.371244346125004
GENTRY macro 142.0 56 1.4200850152720017 0.7123065822264443 0.3838306225981953 0.23358152614063452 0.6965871768122945 2.0897615304368835
GENTRY macro 172.0 43 2.2743612988330706 0.7260424062853529 0.5151265985433428 0.23705146147738784 0.6879525257431187 2.751810102972475
GENTRY macro 345.0 27 4.547003171675467 1.0765141990981681 0.7440584142005877 0.3173349051395637 0.7416758260289179 5.191730782202425
GENTRY macro 164.0 34 2.4967607242817564 0.39390352582362864 0.5436659155007282 0.1442327166225861 0.6153111885635568 2.4612447542542273
GENTRY macro 378.0 116 7.2416593866464245 1.7509922721127436 0.916014661928845 0.43948937040294916 0.8548848115393705 5.1293088692362225
GENTRY macro 242.0 104 3.0758357815010076 1.3714795319203135 0.6102166776345185 0.3750193806377221 0.7472478913464226 2.2417436740392676
GENTRY macro 343.0 166 4.557165667235044 1.5294879739970073 0.7448533439319615 0.40303261897322634 0.8427293074560531 3.3709172298242125
GENTRY macro 418.0 134 2.6071919672012607 0.8409153576615055 0.5571692551760782 0.2650338207986336 0.7377774254056961 2.9511097016227845
GENTRY macro 333.0 214 6.1683154324648894 2.3988486949883208 0.8554171076424649 0.5313318317221456 0.9091124247873767 3.636449699149507
GENTRY macro 338.0 144 3.838789097936956 1.3818475334043239 0.6847366934873678 0.3769139580197988 0.8152754408461065 3.261101763384426
GENTRY macro 406.0 205 4.2362962101467545 1.3232574107732231 0.7190242060211145 0.3660973311454922 0.7825992762266828 2.3477978286800485
GENTRY macro 304.0 91 6.3550653114212405 1.2948392418944392 0.8665865335236325 0.3607522677366799 0.7979201579958906 3.9896007899794528
GENTRY macro 268.0 115 4.073213896435426 1.392861985501901 0.705283173392366 0.3789176502793462 0.8255106484766768 3.302042593906707
GENTRY macro 252.0 12 1.334893722914531 -0.22943579788393276 0.36826711762068154 0.08970585446330996 0.45153409051948995 2.7092045431169396
GENTRY macro 275.0 18 2.255298327708378 0.26981361536084947 0.5125907950979403 0.10373997941212833 0.5357517924213905 3.2145107545283427
GENTRY macro 336.0 16 3.000185417020787 0.7517116293536962 0.6020801222586335 0.24346261319717186 0.6452098088730805 4.5164686621115635
GENTRY macro 348.0 120 6.36320092973936 1.5043804183581706 0.867066651826208 0.3987002993966438 0.8342356773940702 4.171178386970351
GENTRY macro 388.0 63 4.407917700115574 0.39126862281838637 0.7330300737143418 0.14341099062803547 0.6538206878219619 3.2691034391098093
GENTRY macro 317.0 85 3.838230830941267 1.0410347360724617 0.684686584615482 0.309850395973406 0.785806206371911 3.929031031859555
GENTRY macro 412.0 143 7.253953287291584 1.3765088115029604 0.916662006687156 0.37593942888956905 0.828484755775267 4.142423778876335
GENTRY macro 375.0 160 4.131248116532442 1.168343748402602 0.7102230150521216 0.3361281322023465 0.8066734542393399 3.2266938169573596
GENTRY macro 280.0 62 1.9627903835065514 0.09532673715577167 0.4717009263681025 0.039543689018325306 0.602153469641042 2.408613878564168
GENTRY macro 439.0 250 8.653851118442324 2.487294767022299 0.984700596850859 0.5424886580960089 0.9142368005558106 4.571184002779053
GENTRY macro 465.0 244 4.411670556721749 1.6205958448062487 0.7333313504250832 0.4184000480719175 0.8585250522456618 3.434100208982647
GENTRY macro 281.0 85 5.091553572515686 1.435316733437728 0.7847280679901302 0.3865554528766165 0.816392267754211 4.081961338771055
GENTRY macro 391.0 102 2.1501577601877706 0.6483269968739167 0.4983323038414675 0.21704337171223215 0.6772355642970433 2.7089422571881734
GENTRY macro 313.0 71 3.4527993374020416 1.2737226280411593 0.6486331243648648 0.3567374838968347 0.7656084776610019 3.8280423883050094
GENTRY macro 265.0 43 2.6794287289909784 0.40856083756247374 0.5657803950034139 0.14877560946668314 0.6622676996820479 3.3113384984102394
GENTRY macro 534.5 123 9.473457299840579 1.4235898243539336 1.0200900664347774 0.3844591204063482 0.8552098901635896 5.9864692311451275
GENTRY macro 286.0 64 2.9216311774419355 0.6919023753243337 0.5934667466153591 0.2283753001444243 0.6632491761572207 2.6529967046288827
GENTRY macro 348.0 73 2.9189724822411076 0.6308204333184972 0.5931722140132395 0.2124061442946374 0.7197426987224549 3.5987134936122747
GENTRY macro 310.0 107 3.495932312536055 1.0409265433016277 0.6528197641905935 0.3098273739405399 0.7543047660702016 3.0172190642808063
GENTRY macro 303.0 122 3.204384704342053 1.1550577307335406 0.6237024474439644 0.3334589087441692 0.7904101610836873 3.1616406443347493
GENTRY macro 322.0 96 6.137657850693354 1.1339479646939428 0.8535557258671504 0.3291838251532068 0.7935667762055939 3.9678338810279694
GENTRY macro 267.0 96 4.337091727606437 1.1543336800923985 0.7273046670065064 0.33331297110655506 0.772833227988778 3.091332911955112
GENTRY macro 208.0 47 3.5153542774413338 0.9157036753592649 0.6546918309954101 0.2823283324518251 0.7322782588291418 3.6613912941457087
GENTRY macro 205.0 78 4.78568793245998 1.7180359224340778 0.7623550050351541 0.4342551922095008 0.8072825727002688 3.2291302908010753
GENTRY macro 385.0 118 6.702938452105804 0.9948291829885917 0.8866564277823231 0.2999057130244707 0.7972219538446315 3.986109769223157
GENTRY macro 361.0 145 3.5441370828129375 1.0476558631854105 0.6574514242459266 0.3112569692578829 0.783895827058803 3.135583308235212
GENTRY macro 440.0 103 2.4364507859572724 0.7933144449157105 0.5361101286785913 0.2536564466834856 0.6731998321775556 2.6927993287102225
GENTRY macro 206.0 71 4.981001438315267 1.0586326232843022 0.77677390685155 0.3135788507870879 0.7589227617997913 3.0356910471991654
GENTRY macro 331.0 91 3.7189264199102072 1.780096157736432 0.6738432056379045 0.44405981751955376 0.829655289947862 4.14827644973931
GENTRY macro 320.0 173 2.9776566882062943 1.0986355632199074 0.5996272964224689 0.3219370280897025 0.787335564611111 2.362006693833333
GENTRY macro 257.0 34 4.688607642587523 1.2199301961322007 0.7550059804305511 0.34633931863477485 0.7384543648319745 4.430726188991847
GENTRY macro 402.0 211 7.867442688671421 1.7758314698063777 0.9477983902565617 0.44339309508435226 0.8649609746036366 3.4598438984145465
GENTRY macro 337.0 51 4.055765683455603 0.864947991503897 0.7037869377544762 0.27066672498234035 0.744247679343399 4.465486076060394
GENTRY macro 379.0 74 2.815880938618107 0.7070886071547935 0.5815948155845115 0.23225606393820453 0.7025666248368049 3.5128331241840245
GENTRY macro 317.0 62 2.045018721502208 0.493454661760176 0.4835899671232808 0.1741920428449023 0.6167409291564908 2.4669637166259633
GENTRY macro 475.0 234 3.6726135706036853 1.2703556480804603 0.6695598659603547 0.35609389415371834 0.8359744347610087 3.343897739044035
GENTRY macro 541.0 107 5.853381791689283 0.9402351660275574 0.8359049263898872 0.28785437174385553 0.7791537081525303 4.674922248915181
GENTRY macro 428.0 84 3.1723206028098794 0.45413426954709335 0.6203776724010895 0.16260450957055872 0.6754685302950174 3.377342651475087
GENTRY macro 260.0 114 3.136003433606643 1.4322411740006924 0.6165808906264565 0.3860066361206904 0.8195056828827716 3.2780227315310864
GENTRY macro 199.0 49 1.712257167025356 0.4340894917844533 0.43333086547711197 0.1565762535461911 0.6757207636683878 2.7028830546735514
GENTRY macro 394.0 131 4.863417846469406 1.6591505839134018 0.7681508445429371 0.42474293150641756 0.8324316086888116 4.162158043444058
GENTRY macro 398.0 161 7.061395656029203 1.4367817959023363 0.9064102369961974 0.38681664158590445 0.8442675588560867 4.2213377942804335
GENTRY macro 179.0 119 2.5645783010014953 1.4754147018612311 0.5520081590460298 0.39364796595361934 0.7814618381630933 1.5629236763261867
GENTRY macro 430.0 40 2.233388144601351 0.39988120789224196 0.509657841617557 0.14609118357409984 0.64199310305936 3.85195861835616
GENTRY macro 339.0 94 3.498945163530846 1.2145710861683199 0.6531106996956628 0.3452896253907688 0.7912686263857015 3.9563431319285076
GENTRY macro 374.0 143 3.628991172323691 1.2658130069574354 0.665486352566184 0.355224065546134 0.7887904704606707 3.155161881842683
GENTRY macro 395.0 212 7.079765454963664 1.7783297036656036 0.9073987539560863 0.44378378207338537 0.8644193570166572 3.4576774280666287
GENTRY macro 403.0 82 5.71526037694116 1.0989475159655713 0.8270628566289262 0.3220015792153146 0.7849119297532412 4.709471578519447
GENTRY macro 430.0 127 6.6969817959691005 1.8094334269083978 0.8863204594164997 0.4486187453937659 0.8569952888604537 5.141971733162722
GENTRY macro 408.0 178 9.777085848269762 2.022173407366616 1.0325013423802931 0.4803193798249202 0.8801897664385713 4.4009488321928565
GENTRY macro 221.0 35 3.5339876711746294 0.555087046265849 0.6564803348579652 0.19175470375184286 0.6441263245554361 3.22063162277718
GENTRY macro 270.0 62 5.067623206434798 1.444064004750444 0.7830186036824249 0.38811257495266055 0.8212833007577296 4.927699804546378
GENTRY macro 235.0 129 2.3371389705980965 1.362311999896612 0.5233742926323772 0.3733372560569453 0.7102651703184761 1.4205303406369523
GENTRY macro 275.0 106 6.227092457785888 1.3530316894978405 0.8589636107785248 0.37162777608438174 0.8470258909615312 4.235129454807656
GENTRY macro 310.0 112 8.199823172999743 1.2042434033114038 0.9637794799837635 0.34325954974343564 0.826108803700356 4.13054401850178
GENTRY macro 384.0 80 2.102628587162798 0.4188310469487077 0.4917297896995348 0.15193068316259126 0.6068260356548038 2.427304142619215
GENTRY macro 278.0 135 3.610990227773935 1.3904826575491294 0.6637942018055378 0.3784855973277562 0.7679031333469374 2.303709400040812
GENTRY macro 256.0 99 4.571240603412505 1.849648023755231 0.7459519146034024 0.45479122113803205 0.8706907140980654 4.353453570490327
GENTRY macro 347.0 77 6.55215230794382 0.8390476460412011 0.8780707400072454 0.26459298108404067 0.7793271916124941 4.675963149674964
GENTRY macro 337.0 240 2.835532583978774 1.9061701783432785 0.5838256765572014 0.4633210419480522 0.8152499980230989 1.6304999960461979
GENTRY macro 359.0 142 5.718927002612496 1.3507875566638143 0.8272999227484937 0.3712133832136456 0.8442961902581034 4.221480951290517
GENTRY macro 268.0 127 4.250286509375516 1.280311552400051 0.7201830036051314 0.35799418745858774 0.8203905692347615 3.281562276939046
GENTRY macro 388.0 55 3.1673439329038797 0.7858860219355276 0.6198593444693771 0.2518537380777179 0.6536032956389048 3.2680164781945242
GENTRY macro 376.0 47 6.158655260202527 1.4067963612437717 0.8548314485755821 0.38143934622457687 0.7955474493049033 5.568832145134323
GENTRY macro 342.0 95 3.6649806701832697 1.1034843773877827 0.6688498485433688 0.3229392908529085 0.7842004979155763 3.921002489577882
GENTRY macro 152.0 38 1.5200286424372662 0.5332830400096962 0.4014054769647825 0.1856223318720308 0.5672345932523705 1.7017037797571115
GENTRY macro 290.0 137 6.335455069690166 1.6307242494486753 0.8654270613456102 0.4200753280480673 0.8352844158357784 3.3411376633431136
GENTRY macro 344.0 215 3.3248082409399045 1.816840363701682 0.6359668559053615 0.4497622352967606 0.8496535855543811 2.5489607566631434
GENTRY macro 438.0 109 4.850572366709546 0.843278179846635 0.7671983555768801 0.26559088207511966 0.7472067280761653 3.7360336403808265
GENTRY macro 330.0 149 4.330956176700581 1.9050820631870724 0.7268051124076607 0.46315840491427795 0.8490794044714742 3.396317617885897
GENTRY macro 148.0 29 1.6426581883069893 0.14611089949827744 0.42204099342604917 0.05922664268364576 0.5746460842406067 2.298584336962427
GENTRY macro 372.0 209 6.289608047466166 1.9772593139646484 0.8627041775088036 0.4738166625672301 0.8768667300566748 3.5074669202266993
GENTRY macro 400.0 235 4.907160594104046 1.2559383048741906 0.7713787778977582 0.35332721844114795 0.8174876179206225 2.4524628537618676
GENTRY macro 333.0 107 6.267408609027982 1.6035616079123758 0.8613795790259665 0.41556785881594444 0.8268517067097128 4.1342585335485635
GENTRY macro 482.0 159 10.810715631378255 1.2733119650188112 1.072276213053199 0.35665903774413343 0.846485851541419 5.078915109248514
GENTRY macro 445.0 241 4.991519792793705 1.6795780647070178 0.7775369983334147 0.42806641395572015 0.8639241309967125 3.45569652398685
GENTRY macro 351.0 170 2.0258401907053694 0.9248263236991147 0.4808459870951086 0.28439154939679584 0.7554552488757179 2.266365746627154
GENTRY macro 322.0 51 2.940285456133961 0.380900360366897 0.5955276856664589 0.14016234294938468 0.6495697331702631 3.2478486658513157
GENTRY macro 433.0 227 6.558008236547735 2.057816913603516 0.8784073608656321 0.48541147852820293 0.8643760764965998 3.457504305986399
GENTRY macro 350.0 129 3.18150382463203 1.0509874165877169 0.6213324983504696 0.3119629958518951 0.7750420421686615 3.100168168674646
GENTRY macro 363.0 186 5.915860045088094 1.5378249188376754 0.8398461959580207 0.40446165739404427 0.8533116927992384 3.4132467711969534
GENTRY macro 338.0 171 2.2465629172156354 1.0977743287490613 0.5114238237603826 0.3217587664836184 0.7719258977493304 2.315777693247991
GENTRY macro 279.0 175 6.2809950570773685 1.7557228968374623 0.8621907362178172 0.4402355447214913 0.8441389935725931 2.5324169807177794
GENTRY macro 304.0 116 3.2304110971967845 1.2790171511206754 0.6263825727104991 0.3577475935476594 0.7885532056094957 3.154212822437983
GENTRY macro 329.0 171 9.121970481100528 2.494097174286993 1.0052650664331673 0.543334978972549 0.9053398764370367 4.526699382185184
GENTRY macro 332.0 148 7.812419933854016 2.101208312176529 0.9450951841902805 0.49153093933963454 0.8772995061530556 4.386497530765278
GENTRY macro 315.0 135 5.616414721159764 1.6986549219832752 0.8206227192570591 0.43114735470851406 0.8247903251040065 3.299161300416026
GENTRY macro 467.0 96 1.3995452199832001 0.1427441454708225 0.38012893872525444 0.05794900498107604 0.5919920284807707 2.367968113923083
GENTRY macro 445.0 152 3.124027443439376 0.9812009770509095 0.6153215466441242 0.29692853348754034 0.7501020144281967 3.0004080577127867
GENTRY macro 323.0 147 4.136260433419844 1.67619552205022 0.7106470364645373 0.4275178396808095 0.8290072913746347 3.3160291654985388
GENTRY macro 264.0 188 3.004088697725668 1.9091880489395834 0.6025036893133144 0.4637717948040258 0.8152669388680021 1.6305338777360041
GENTRY macro 292.0 204 2.8701942819513664 1.6922610700098053 0.5877327669469654 0.4301171713644021 0.8117727964961341 1.6235455929922682
GENTRY macro 249.5 53 2.027614419473225 0.38255548430704156 0.4811005649635152 0.14068256930393772 0.6174550705953308 2.469820282381323
GENTRY macro 244.0 64 2.328739018823678 1.134101446457638 0.5222797467554023 0.3292150601632329 0.7350884780618028 2.940353912247211
GENTRY macro 327.0 85 3.5227337107620103 1.396837062865992 0.6554010181347891 0.3796385116709636 0.8006974683679436 4.003487341839718
GENTRY macro 343.0 74 5.244706880517808 1.3694894460608276 0.7955120578965 0.3746547786493669 0.8127055370047856 4.876233222028714
GENTRY macro 132.0 31 0.8033679975678268 0.1625206337002176 0.2560843584503473 0.06540066996854596 0.49205910894843985 1.4761773268453195
GENTRY macro 188.0 15 2.544756997760919 1.2483505234653487 0.5495864685321254 0.35186401977051607 0.7162387839295686 4.297432703577412
GENTRY macro 247.0 20 1.8007542247480282 0.33077263711284216 0.44727499974862284 0.12410386247550934 0.5173769192328296 2.586884596164148
GENTRY macro 232.0 10 0.6569738932439868 0.036825244056008094 0.21931566586689524 0.015705562620614604 0.49064244849003874 2.9438546909402326
GENTRY macro 109.0 11 0.5205691000416621 -0.6711292134988897 0.1820061608069565 0.22301003130571767 0.3525591651147576 1.4102366604590304
GENTRY macro 410.0 172 3.061925843348938 0.9043432614887216 0.6087319904330583 0.2797452335095516 0.7899675012171623 3.159870004868649
GENTRY macro 265.0 95 7.091527877293487 1.285026134743762 0.9080305347181533 0.35889117163129286 0.8192399403557321 4.09619970177866
GENTRY macro 265.0 101 3.434732213252836 1.2831866699989183 0.6468674005335115 0.35854142022273844 0.8001574398344127 3.2006297593376507
GENTRY macro 332.0 87 5.2420932917519885 1.5793935402001664 0.7953302551640344 0.41151760786052693 0.8006287315170176 4.003143657585088
GENTRY macro 355.0 114 3.893950354892227 1.6289650242639169 0.6896595594772097 0.41978480829342124 0.838610920910323 4.193054604551615
GENTRY macro 178.0 75 2.1820673367185512 1.1236921396862314 0.5027093656486752 0.32709155961939684 0.750235978859591 2.250707936578773
GENTRY macro 302.0 115 4.828812997363232 1.3544085553808523 0.7655801223093212 0.37188182722099045 0.790470409703252 3.161881638813008
GENTRY macro 271.0 99 4.227332558970831 1.2339713520980544 0.718280130465385 0.34907759952913947 0.7705401514492869 3.0821606057971476
GENTRY macro 222.0 24 1.4563143281258868 0.6174940955318586 0.39028394155533974 0.20884270400372862 0.5959136687364902 2.979568343682451
GENTRY macro 386.0 35 2.6554458084189845 0.43851143632528344 0.5629403499203255 0.15791331892931376 0.6361465009298918 3.8168790055793504
GENTRY macro 272.0 29 2.486467226177515 0.5734360014265759 0.542385587063623 0.1968490829387612 0.5950725077465358 2.9753625387326785
GENTRY macro 389.0 86 4.902529414461688 0.8738753463355815 0.771038160004313 0.2727406974379959 0.7483677035332533 3.7418385176662667
GENTRY macro 778.0 200 3.6253200137068564 0.6692055615724336 0.665141785805662 0.22250982305392647 0.7424974290581104 3.7124871452905523
GENTRY macro 669.0 203 4.49311589835956 1.0156310615409614 0.7398187622267148 0.3044110423568294 0.789872653434692 3.94936326717346
GENTRY macro 779.0 46 4.969081125959779 0.596905746467921 0.7759074814410539 0.20327928370462733 0.6988154374815744 5.590523499852595
GENTRY macro 350.0 64 5.6366988761520584 1.7003446373857671 0.8219521130477511 0.4314191954787084 0.820761830666784 4.924570984000704
GENTRY macro 142.0 42 3.6255378826767855 1.4713298805994282 0.6651622421336038 0.3929307202146445 0.7370376993278687 2.9481507973114747
GENTRY macro 422.0 79 7.700471420380481 1.740796817761005 0.9395427847707084 0.43787684137828076 0.8384539206938701 5.869177444857091
GENTRY macro 288.0 83 3.1705243968287964 0.7955837354886239 0.6201906660841717 0.2542056628804659 0.6910449211367906 2.7641796845471625
GENTRY macro 431.0 60 3.8489449436415706 0.9448233258027224 0.6856472530352185 0.28888015470336753 0.7455577683383222 4.4733466100299335
GENTRY macro 81.0 15 1.3554118594422215 0.5748794338898873 0.37206685738593837 0.19724731164907885 0.6211296895085738 2.4845187580342953
GENTRY macro 44.0 17 2.4293919931975583 1.2121204936585874 0.5352171295455913 0.34480877919044056 0.7004312651491751 2.1012937954475253
GENTRY macro 214.0 88 3.0482745361074435 1.27735818077576 0.6072699567649554 0.35743134141924854 0.7331069676253102 2.1993209028759306
GENTRY macro 298.0 37 3.786045698573876 0.7624236101304647 0.6799768410688339 0.24611030216398666 0.7097864120788987 4.258718472473392
GENTRY macro 261.0 139 3.934990762598564 1.7002876250905328 0.693286344086461 0.43141002613555796 0.8152138742342822 2.4456416227028464
GENTRY macro 292.0 165 2.6468271588721914 1.2192870444169415 0.5619151804437922 0.346213477871513 0.8096039856532844 2.428811956959853
GENTRY macro 296.0 171 3.352071776369899 1.4659376415418932 0.6386960493335804 0.3919820899901768 0.8148845930214366 2.4446537790643097
GENTRY macro 231.0 97 4.711004626022396 1.6129926256740865 0.7567125119517066 0.41713818407345227 0.8239490034107286 3.2957960136429145
GENTRY macro 333.0 167 3.54837831688744 1.5227471836818478 0.6578565804887561 0.40187373001287885 0.7916310847531828 2.3748932542595482
GENTRY macro 538.0 135 4.062636715781558 1.038379608009988 0.7043767644415511 0.30928506598638106 0.7597796989923499 3.7988984949617493
GENTRY macro 222.0 109 2.973570021661458 1.2420739618430687 0.599180870493278 0.3506499350611402 0.7627761052674753 2.288328315802426
GENTRY macro 425.0 181 4.035461798109531 1.2269814922922424 0.7020393055100957 0.34771660777101554 0.816131475698088 3.264525902792352
GENTRY macro 300.0 121 2.8344171059000387 1.18885445952471 0.5836993534397673 0.3402168855849954 0.719492955395061 2.158478866185183
GENTRY macro 366.0 54 6.727771719855624 1.732769648758599 0.8880542844385786 0.43660302558610004 0.8291937781370651 5.8043564469594555
GENTRY macro 539.0 58 3.678184822626563 0.5247205519068256 0.6700773756307337 0.18319025424953161 0.650737488212843 3.9044249292770585
GENTRY macro 261.0 118 2.649248324697613 1.0177389604205607 0.5622034173181827 0.30486497984839583 0.7547190889388874 2.264157266816662
GENTRY macro 267.0 58 4.038436291044309 1.1935470912976045 0.7022957714568708 0.34114696232025116 0.7399524306417373 3.6997621532086864
GENTRY macro 112.0 28 4.344411570535745 1.5039956851182363 0.7278998955621679 0.3986335761634102 0.8056996459331451 4.0284982296657255
