CHINA micro 6877.0 401 19.291786869164145 1.3259262006189647 1.3073202921417182 0.36659593086860576 0.8594855191887754 9.45434071107653
CHINA micro 6260.0 239 13.658202159039748 1.2204914790149017 1.1660807069839054 0.3464491109373421 0.8141697186611819 8.955866905273002
CHINA micro 5159.0 355 17.977623007451275 1.3387293709564851 1.2782418150778556 0.3689799697782843 0.8627631150248274 9.490394265273101
CHINA micro 5930.0 133 10.372390260109913 1.0381824539297329 1.0558517547208401 0.30924305856546835 0.7903961668330068 8.694357835163075
CHINA micro 4702.0 174 9.107532750164927 1.7395802995624077 1.0046451571976849 0.4376840345191348 0.8429957344095298 8.429957344095298
CHINA micro 6434.0 390 18.878507048483304 1.3571994008148442 1.2983837641179965 0.3723963220282194 0.8555076512448818 9.4105841636937
CHINA micro 3154.0 121 7.012864750935563 1.354172652942596 0.9037878123506592 0.3718383104490564 0.7775436855131213 6.9978931696180915
CHINA micro 6159.0 448 20.360718968101207 1.7618598199215627 1.329615866269634 0.44120163188942624 0.8840699354166973 9.724769289583671
CHINA micro 3235.0 54 5.553394112894176 0.33686577859091177 0.8164662866664055 0.12608780625715008 0.652211982556177 6.522119825561769
CHINA micro 8149.0 504 21.433483165569598 1.2816736890201208 1.350896710147529 0.3582535343893508 0.8545839116411639 9.400423028052803
CHINA micro 6370.0 129 6.072055291561086 1.0772648460323526 0.8495456474696668 0.3174918715171109 0.7481783388817828 7.481783388817828
CHINA micro 6040.0 116 6.904832183741391 1.7662755040483678 0.8978926544771202 0.44189543099005 0.8388032211644209 9.22683543280863
CHINA micro 3316.0 299 14.93995146718317 0.9531889274439869 1.2024869947535297 0.29074425361965944 0.8105110278430645 7.294599250587581
CHINA micro 5910.0 467 20.318610793046798 1.7609893106190784 1.3287589008905987 0.4410647252382723 0.8861358261266442 9.747494087393086
CHINA micro 4137.0 139 7.841945011061093 1.3315714151102553 0.9465478096575057 0.367648722262444 0.799612779939643 7.9961277993964295
CHINA micro 5043.0 159 10.64266888847902 1.9873988975773704 1.0660525465233865 0.4752932163939384 0.870105240335768 9.571157643693448
CHINA micro 10145.0 115 3.4436811080772216 1.0905225105632963 0.6477428851087029 0.32025484835655516 0.7217988564653887 7.217988564653886
CHINA micro 6835.0 225 11.732260336649142 1.3636099437973601 1.104905510063186 0.37357580840495436 0.8210200565772808 9.031220622350089
CHINA micro 28334.0 288 16.08058912607993 0.29657227337449166 1.2325028458490799 0.11279673017047095 0.7202451221102248 9.363186587432923
CHINA micro 6907.0 384 18.336618318519136 1.4096262873155865 1.2863805248648144 0.38194969239155213 0.8567538593590046 9.42429245294905
CHINA micro 19397.0 118 7.605222799841517 0.31907246787455074 0.9347621192294246 0.1202686556930624 0.6583814001372641 7.900576801647169
CHINA micro 2279.0 286 12.566891475405166 1.4468454178314245 1.132480350995904 0.3886065331836623 0.8599410765442634 7.739469688898371
CHINA micro 5682.0 271 12.683345186987532 0.7611189378422943 1.1361922829580418 0.24578868720198482 0.7715282695072243 7.7152826950722435
CHINA micro 7218.0 412 19.426018006160852 1.4004966224723598 1.3101837104157537 0.3803010992480512 0.8586624273627638 9.445286700990401
CHINA micro 6663.0 166 11.196645420722612 1.1213137159546465 1.086240398248418 0.326604900026704 0.7854790365391833 8.640269401931016
CHINA micro 9090.0 500 17.991225154671906 1.5501084399144054 1.2785529826806992 0.4065586486124287 0.8683213027122068 9.551534329834274
CHINA micro 8028.0 165 9.152329971583805 0.9902263587663824 1.0065657247790396 0.2989024737828283 0.7716869623372447 8.488556585709691
CHINA micro 5766.0 170 10.440377199023336 1.091770109717418 1.0584403437536678 0.3205139528686145 0.7788057458455884 7.788057458455883
CHINA micro 4842.0 252 14.244235324229297 1.2675032681881546 1.1831056443264094 0.35554792168805727 0.8161513752954302 8.161513752954303
CHINA micro 8505.0 483 21.127469434498625 1.526117489931274 1.3449317495136084 0.4024535457609664 0.8774172732166486 10.529007278599783
CHINA micro 3245.0 183 11.13445962623361 1.6019798089156827 1.084020441024751 0.41530392216003126 0.8451545101612323 8.451545101612323
CHINA micro 4687.0 102 8.038529762076916 1.1989272614182283 0.9560977924061297 0.3422108635185151 0.73630450928161 7.363045092816099
CHINA micro 7111.0 414 16.315942754666928 1.2941133678870231 1.2384461413953716 0.36061487556665184 0.8233779247982115 8.233779247982115
CHINA micro 5288.0 205 12.434045395173017 1.3131522685708816 1.1282068114957866 0.3642042221452383 0.8379751431312016 9.217726574443217
CHINA micro 5165.0 147 7.864755124764032 1.1994987196775495 0.947666743385039 0.34232371351127366 0.7802388016692294 7.802388016692294
CHINA micro 5213.0 357 18.28976184161433 1.7496337682044443 1.285326865720027 0.4392748527248923 0.8838499023163492 9.72234892547984
CHINA micro 2336.0 14 1.6909282032354245 -0.2929709461847293 0.42990211048964083 0.1115887661383869 0.456972298875156 4.112750689876404
CHINA micro 3699.0 102 6.492718400959541 1.7028992696252985 0.8746394108034266 0.43182986091846365 0.805199763658187 8.05199763658187
CHINA micro 2786.0 260 15.464213140338272 1.4979118747850355 1.216540979689593 0.39757711259308776 0.8671313570240352 8.671313570240352
CHINA micro 6442.0 319 16.932491676691047 1.2748411358711116 1.2536406379311198 0.35695107298276063 0.8449743794589399 9.29471817404834
CHINA micro 6136.0 459 20.65992334426089 1.4074605333418881 1.3356569152983777 0.38155917625666363 0.870284898388688 9.573133882275568
CHINA micro 2555.0 16 1.3926605010727147 -0.4727696141266968 0.3788810801551508 0.16813481531586913 0.4364082504387954 3.9276742539491583
CHINA micro 8342.0 95 7.97826479082259 0.5313140420400944 0.9531924096529942 0.18506426498894735 0.6965869712922849 7.662456684215133
CHINA micro 5866.0 365 18.41872681690082 1.4977471515048486 1.2882207521157252 0.39754847236312985 0.8702087325501197 9.572296058051316
CHINA micro 6132.0 312 16.405659428006793 1.1811459787230065 1.240690481542715 0.3386847328103839 0.831196660993696 9.143163270930657
CHINA micro 10833.0 283 14.212884427335737 1.4051145623217713 1.1822115659340047 0.38113576786128706 0.8376471021869484 10.051765226243381
CHINA micro 9446.0 418 12.745845814694 1.5507868116305281 1.138171468177498 0.4066741628820617 0.8467558720730498 9.314314592803548
CHINA micro 12208.0 382 18.06760547168541 1.0840473401779336 1.2802961573496874 0.31890757995595936 0.8201512502123016 9.84181500254762
CHINA micro 10650.0 346 11.241193540224529 1.7140165187884773 1.0878237644323083 0.43361248665343494 0.8479090335682907 9.326999369251197
CHINA micro 7352.0 418 19.63644706044421 1.3283972539447082 1.3146349277000553 0.36705707841675833 0.8567172624988806 9.423889887487686
CHINA micro 3956.0 71 6.829177167116436 0.5709557004734759 0.8937161208627036 0.19616393850198505 0.6842925922373839 6.842925922373839
CHINA micro 6645.0 408 19.394854688819134 1.4002179916537563 1.309520615361923 0.3802506868253725 0.8606798221893327 9.46747804408266
CHINA micro 3610.0 85 7.397137527182096 0.5534352381128576 0.9241312660603265 0.19129315246290263 0.7096930182070734 7.096930182070734
CHINA micro 6216.0 409 19.051924002893536 1.44022590596714 1.3021560499612375 0.3874300333770586 0.8667326454061063 9.53405909946717
CHINA micro 7237.0 152 5.7192437476551286 1.1186114613675697 0.8273203958659688 0.32605131742055665 0.7674682886951973 7.674682886951974
CHINA micro 7253.0 298 12.600206041926663 1.9338511835271037 1.1335454879433027 0.4674380809414439 0.864653917648234 9.511193094130574
CHINA micro 12526.0 261 11.98565077934087 1.1008758539804575 1.1134637192941257 0.32240038961479595 0.7994000509277512 9.592800611133015
CHINA micro 8674.0 313 11.45608482740744 1.1979299588891137 1.0953815571668013 0.3420138487095693 0.8099738031598139 8.909711834757953
CHINA micro 5246.0 245 12.987627587759992 1.1219839634570576 1.145744060959635 0.3267420974689856 0.8019443661117747 8.019443661117746
CHINA micro 3573.0 209 14.202680489836677 1.5972841698478029 1.1819201681626432 0.4145194685531473 0.8555401560348208 9.410941716383029
CHINA micro 4125.0 314 16.89579945317765 1.341901588142583 1.2527511042542905 0.3695686411101163 0.8520285035342174 8.520285035342175
CHINA micro 6346.0 129 10.38711972663743 1.0191761479490842 1.0564138869399522 0.3051742073762046 0.7834748522793921 8.618223375073313
CHINA micro 6419.0 170 11.027239610322065 1.3250406062487239 1.080165963203002 0.3664305421359747 0.8098834014540931 8.908717415995024
CHINA micro 5462.0 197 11.764667094304423 1.7061895968020249 1.1060094927797601 0.43235822018489356 0.848281719472008 9.331098914192088
CHINA micro 2643.0 288 16.470423468091116 1.743712957117368 1.242303432036526 0.4383386742137613 0.8822201077776523 8.822201077776523
CHINA micro 5247.0 150 8.445364728544202 1.344146846602938 0.9752187326692696 0.3699848141172784 0.8028594199847945 8.028594199847944
CHINA micro 6986.0 320 15.933304721275666 0.8633170451473781 1.2287417237412692 0.27028675679813907 0.8077569473424863 8.885326420767349
CHINA micro 5580.0 118 9.425305819560611 0.8362849649224425 1.0180888035786086 0.26394007833040584 0.7742462979890342 8.516709277879377
CHINA micro 8123.0 302 13.731190667749871 1.0010762850985953 1.1682378506807387 0.3012636451408931 0.8057942983789491 8.86373728216844
CHINA micro 7442.0 399 19.141684829302907 1.3344945154882872 1.3040957959824901 0.36819285796441686 0.855508734365959 9.410596078025549
CHINA micro 5206.0 127 5.294719229207245 1.3273888704467662 0.7989763635264251 0.36686895319624957 0.782879833713783 7.82879833713783
CHINA micro 4178.0 394 18.328306169301232 1.4792226564655309 1.2861937964208037 0.3943155320651245 0.866982550418492 8.66982550418492
CHINA micro 7125.0 176 6.732006119309609 1.9335150934002088 0.8882921890685361 0.4673883270720575 0.8272100813638668 8.272100813638668
CHINA micro 6959.0 392 19.020746322976883 1.293355862474733 1.301480262849056 0.3604714498968371 0.8591645167905557 9.450809684696113
CHINA micro 2680.0 277 15.96384771915406 1.6586525470231437 1.2295243652361554 0.42466158412723487 0.8785309839870445 8.785309839870445
CHINA micro 7431.0 278 12.415318654010079 1.1559041692541632 1.1276009929255586 0.333629452391749 0.7921340030838404 7.9213400308384045
CHINA micro 3352.0 318 17.038679972335544 1.770452709522491 1.25620475373221 0.4425507413326975 0.878499101410392 8.78499101410392
CHINA micro 5032.0 344 17.626663255241063 1.271924397658699 1.2701350631825685 0.356393875355029 0.859255040169102 9.451805441860122
CHINA micro 3002.0 123 7.490126892465157 1.892081737369277 0.9289141812080971 0.4612105630301024 0.844140527037362 8.44140527037362
CHINA micro 12442.0 268 8.907443041510914 1.681826127184332 0.9959615842281688 0.4284306174931314 0.8206808427380906 9.027489270118997
CHINA micro 5855.0 334 17.47816737681689 1.1876871816232775 1.2666588966675174 0.33998522213699167 0.8470776017389071 9.317853619127979
CHINA micro 6154.0 235 11.760014421374144 1.872927785858387 1.1058511652252432 0.4583247096684612 0.8610629286487572 9.47169221513633
CHINA micro 4860.0 477 20.972977646420123 1.7686085694192493 1.3418889138974637 0.44226155879437423 0.8985207322559646 9.883728054815611
CHINA micro 2866.0 250 13.601757804193303 1.1009935228171381 1.1644051406275249 0.3224247135153712 0.813735398442653 7.323618585983876
CHINA micro 5945.0 513 21.290639143306354 1.3280036099818346 1.3481225212586836 0.3669836494288711 0.8697238538343466 9.566962392177812
CHINA micro 5543.0 290 15.198481622168655 1.2951414419739316 1.2094743075044574 0.3608094548301267 0.8443497575230622 9.287847332753683
CHINA micro 6625.0 252 13.900923644871138 1.2983592382153877 1.1732131893141684 0.36141791076708446 0.8246251042117291 9.07087614632902
CHINA micro 8433.0 108 3.905178979960075 1.0590520866117439 0.6906548585234923 0.3136673328452994 0.7378786711343057 7.378786711343057
CHINA micro 4791.0 131 9.700636111380945 1.190229856668789 1.0294095955778426 0.340489694860456 0.7971872395125995 8.769059634638595
CHINA micro 4136.0 170 8.635188167246692 1.3795999009938358 0.9838602004859135 0.3765039421835748 0.8129308707892147 8.129308707892147
CHINA micro 9421.0 452 14.886470403554759 1.5197560447191074 1.2010274180046014 0.40135849571766985 0.8517670528973003 9.369437581870303
CHINA micro 2519.0 80 7.620170037761047 0.6209521401476998 0.9355158326150841 0.20977019216091092 0.7084620455507553 6.376158409956798
CHINA micro 1529.0 91 4.700414561415137 1.3577480196102416 0.7559064407932102 0.37249738874024785 0.7773546518800782 6.218837215040626
CHINA micro 6750.0 259 13.421693043076724 1.7312044128258666 1.1590162476306285 0.43635420546382453 0.8572162280498845 9.42937850854873
CHINA micro 8055.0 331 11.954793291677106 1.4225373679180686 1.112430487719358 0.38427048481690085 0.8399609722963531 9.239570695259884
CHINA micro 8566.0 134 8.231392724332446 1.1458184783775112 0.9652672272299827 0.33159298082969846 0.7646459855516524 8.411105841068176
CHINA micro 7289.0 387 18.75774622137074 1.2585605993225768 1.2957374028302342 0.3538317475865125 0.8479728770644633 9.327701647709096
CHINA micro 7592.0 356 11.543674679412595 1.6753129722489775 1.0984247820457158 0.4273745953927484 0.8421169857142843 8.421169857142843
CHINA micro 4276.0 376 18.446535604172485 1.6506480979830866 1.2888422430909152 0.4233520743009848 0.8740576901772924 8.740576901772924
CHINA micro 2554.0 66 5.0357517441045365 1.1713105301652398 0.7807313685484235 0.3367219385595104 0.7264660726127252 6.538194653514527
CHINA micro 2882.0 278 16.00941165508195 1.492514808609823 1.230689291897674 0.39663774723582 0.8648452283574185 8.648452283574185
CHINA micro 12794.0 654 24.18046793930139 1.4172656908928627 1.4010637965251462 0.38332438799435176 0.8666637905312191 10.39996548637463
CHINA micro 5523.0 202 11.269028205857863 1.3653405773466651 1.0888101648828716 0.3738936821618709 0.8323837682515087 9.156221450766596
CHINA micro 5944.0 223 12.143378194442294 1.5310107390121055 1.1187070046943284 0.40329398786224635 0.8475510461609773 9.32306150777075
CHINA micro 6781.0 199 9.043564859000403 2.0308044064424227 1.0018878884864528 0.4815579099922774 0.8626631340839596 9.489294474923556
CHINA micro 2087.0 51 4.481398709030918 0.8338587525461316 0.7388913931749661 0.26336588239609776 0.6971193081006041 6.274073772905437
CHINA micro 8627.0 141 10.882131373415639 0.5725221039996597 1.0748943497940826 0.196596758777155 0.7342671508212166 8.076938659033383
CHINA micro 4540.0 141 10.495092417754439 1.3672856364054564 1.0605124672416126 0.37425066301166454 0.8257260453179657 9.082986498497622
CHINA micro 3063.0 271 14.405148807348285 1.072700034109484 1.1876658977777952 0.31653645455054324 0.8092370151837776 7.283133136653998
CHINA micro 6830.0 142 5.601263592918609 1.223885875662837 0.8196270747701307 0.34711249656038 0.7499378003110209 7.499378003110209
CHINA micro 4540.0 354 15.304905909312318 1.3582081286388814 1.2123182969669153 0.3725821320273203 0.8468025624539429 8.468025624539429
CHINA micro 5991.0 93 6.964474375395756 0.6668114337187759 0.9011571193213721 0.221886470897276 0.6736179993937226 6.736179993937226
CHINA micro 6135.0 137 6.744794673815896 1.1757825020718553 0.8890099084463186 0.3376154797802667 0.7688278226712171 7.688278226712171
CHINA micro 5105.0 140 10.222379098905263 1.097631331188231 1.0500849353513797 0.3217291612169758 0.8056560967966381 8.86221706476302
CHINA micro 6266.0 582 21.63938282972458 1.3417021329278025 1.3548645834129476 0.36953165151647127 0.8574702867368462 8.574702867368462
CHINA micro 6456.0 137 9.19494135272177 1.1882049515064097 1.0083847318049315 0.34008799642728404 0.7954921723959576 8.750413896355534
CHINA micro 7898.0 227 13.246052543351897 2.0853018716126894 1.1536945418087545 0.48929766261945007 0.8804550516550508 10.565460619860609
CHINA micro 7105.0 424 19.66650785600642 1.4806417969691292 1.3152670974789908 0.394564056964288 0.8652787589857606 9.518066348843366
CHINA micro 10631.0 437 11.750590843625245 1.262968249259432 1.105530309803761 0.354678460597168 0.8306530974801505 9.137184072281656
CHINA micro 7430.0 365 12.589043130260563 1.516554932041763 1.1331888770505005 0.40080641473404854 0.8417212713350771 8.417212713350771
CHINA micro 1860.0 58 6.537784349798076 0.4006300812284849 0.8772437084608384 0.146323449422547 0.6673754898166977 6.00637940835028
CHINA micro 3412.0 358 18.450610929669956 1.8096766462998306 1.2889332467526078 0.44865634168153423 0.8926852059316683 8.926852059316683
CHINA micro 2137.0 53 5.75986409002878 0.09005543431151691 0.8299379643523026 0.037448584365790814 0.6219734854543809 5.597761369089429
CHINA micro 4453.0 396 19.196753878425703 1.9056579277363337 1.3052815731112755 0.4632444851027831 0.8908664619472506 9.799531081419756
CHINA micro 4915.0 133 7.51224412949889 0.8928144913855042 0.9300440706104945 0.27710805225462226 0.7627073603972674 7.627073603972674
CHINA micro 5403.0 156 11.758864099486868 1.282623496750404 1.105812011588614 0.3584342834708836 0.822827878777651 9.05110666655416
CHINA micro 4686.0 106 8.76514534753938 0.6051713155234673 0.9896787118496317 0.20552139027113212 0.7033957909167474 7.033957909167475
CHINA micro 5400.0 263 15.112656709347718 1.032441390887749 1.2071671542667513 0.3080180307822009 0.8238906394137079 9.062797033550787
CHINA micro 7890.0 255 13.706676062857818 1.1408334385663101 1.1675145265221532 0.3305828795665298 0.8238957440514589 9.062853184566048
CHINA micro 14017.0 683 25.203985886210056 1.2909740477238367 1.4183673568436015 0.36002016950621585 0.8626963370180727 10.352356044216872
CHINA micro 6651.0 127 6.062111251410853 0.9715577549007913 0.8489345548432308 0.2948095038375083 0.7436511590128687 7.436511590128687
CHINA micro 4628.0 192 10.752195672985879 0.8977386681311439 1.070119013805904 0.2782364068253322 0.7646969739541808 7.646969739541808
CHINA micro 10955.0 612 23.60937359958718 1.4779477816478683 1.3911005594279156 0.3940921501509672 0.8750790254663849 10.50094830559662
CHINA micro 2976.0 150 9.549972545072805 1.1346028718241286 1.023251329440451 0.3293170893760889 0.7836359161213533 7.05272324509218
CHINA micro 2925.0 307 16.99726021881405 1.8321471915456295 1.2552063960802446 0.4521158206331582 0.8860821595969096 8.860821595969096
CHINA micro 8003.0 157 8.017051378400042 1.2023553208778313 0.9550645442554977 0.3428873879543639 0.7948250088409207 8.743075097250127
CHINA micro 5563.0 160 8.662836826480818 1.627299518426301 0.9851046457964882 0.41950958621767254 0.8030424754256729 8.030424754256728
CHINA micro 6205.0 185 8.711737711639108 1.3952175204369912 0.9872969447437443 0.37934495976971716 0.8027296501501189 8.027296501501189
CHINA micro 7040.0 477 21.210693243217335 1.753382200480529 1.3465621140192219 0.43986650054649756 0.8789599759997343 9.668559735997077
CHINA micro 7488.0 402 19.277676295978136 1.2144895962877116 1.3070181858854266 0.3452736443022173 0.8429921497898234 9.272913647688057
CHINA micro 7511.0 396 18.828934093166257 1.2011012266624372 1.2972993692785257 0.34264001582459375 0.8427113568584332 9.269824925442766
CHINA micro 3887.0 91 8.86628271408913 0.9019346557561193 0.9941535558260746 0.27919559192209203 0.7649909561961263 8.41490051815739
CHINA micro 4254.0 147 8.364438249375283 1.3457729434919556 0.9714817301881571 0.3702859727578722 0.8078011385756871 8.078011385756872
CHINA micro 6953.0 256 15.029169275619703 1.4675049095521306 1.2049110152822162 0.39225802545080407 0.8408458018799382 9.24930382067932
CHINA micro 10822.0 362 8.518914903844495 1.7438164678772528 0.9785874443790664 0.4383550583270332 0.8372045616380127 8.372045616380127
CHINA micro 8933.0 125 9.630457526842804 1.055454634025052 1.0265519566312096 0.31290789590108853 0.7369022389222925 8.105924628145218
CHINA micro 4562.0 70 4.450742497266829 0.92033663581214 0.7364556656715013 0.28337736738089087 0.7270416450585027 7.270416450585026
CHINA micro 5451.0 149 9.083885481443417 1.2068933535994388 1.0036279049278904 0.34378134672651617 0.7888815747693837 7.888815747693837
CHINA micro 2626.0 55 6.138739068263234 0.6185636480340705 0.8536215081269041 0.20912978217324124 0.6960582535731408 6.960582535731408
CHINA micro 3128.0 118 7.142067779500621 1.0630362467818635 0.9107347133885764 0.3145068584331907 0.7693105590278005 6.923795031250205
CHINA micro 6458.0 147 6.00126337177471 1.307797478223594 0.8451764151404535 0.3631976944537673 0.7795297360005573 7.7952973600055735
CHINA micro 9993.0 123 10.625887951672379 2.0708967094280144 1.0654261329843044 0.4872652090579003 0.8563234566361083 10.2758814796333
CHINA micro 8652.0 499 21.406722454273062 1.481557989078228 1.3503783347089222 0.39472442825082305 0.864114973421165 9.505264707632815
CHINA micro 4470.0 276 14.898919437608065 1.1729265818319519 1.201367608708434 0.3370450527614308 0.8261131557437125 8.261131557437125
CHINA micro 9270.0 503 21.475170794477265 1.4238705663948399 1.351703000730836 0.3845094249821516 0.8702759008611068 10.443310810333282
CHINA micro 1286.0 78 6.971094097412208 1.350485238205996 0.9015179359328096 0.37115752802552204 0.8106620635627126 7.295958572064414
CHINA micro 11902.0 420 19.7044117255917 0.9040582696349695 1.316062895405464 0.2796802349064939 0.820920186802424 9.851042241629088
CHINA micro 6241.0 118 5.02353777966107 1.2572813027086258 0.7798516385836841 0.3535856842888717 0.7640354453536915 7.640354453536915
CHINA micro 5270.0 317 17.055135017603412 1.2299862777963106 1.2566007404604844 0.3483021906285743 0.8501672413426884 9.351839654769572
CHINA micro 2943.0 295 16.480835517296523 1.835240653833658 1.2425621864150662 0.45258992749569993 0.8864780931601393 8.864780931601393
CHINA micro 7878.0 338 10.826025562457913 1.370868058628134 1.0728388134101203 0.37490738569301346 0.8146378186283301 8.1463781862833
CHINA micro 6058.0 370 18.15700275897043 1.2765449521296188 1.2823275617851435 0.3572762302071777 0.8501088975402818 9.3511978729431
CHINA micro 6375.0 131 6.856679450440868 1.3550273593940863 0.8952390344552439 0.3719959568852378 0.7914391760008815 8.705830936009697
CHINA micro 5379.0 412 19.400331797377373 1.537997019345152 1.3096372309846376 0.4044911077182159 0.8780867442961587 9.658954187257747
CHINA micro 5599.0 356 18.03462886093602 1.3101720199329951 1.2795444133164546 0.3636443195138681 0.8570762734520897 9.427839007972986
CHINA micro 3300.0 156 9.648120844355933 1.2390714254315243 1.0272729712550432 0.3500679476103014 0.8095871925879543 8.095871925879543
CHINA micro 6075.0 425 19.888964922408352 1.8353047947785852 1.3199169206110604 0.4525997523207364 0.8884544959588895 9.772999455547785
CHINA micro 3977.0 118 8.94398968249211 1.2270491013102462 0.9975606650262806 0.34772979233400014 0.7965138778474706 7.9651387784747065
CHINA micro 5094.0 145 9.241158622840109 1.4479224526609393 1.0103490928743257 0.3887976557468566 0.8129923989328017 8.94291638826082
CHINA micro 5701.0 147 9.999425656227363 0.9669031459081306 1.0413700087179283 0.2937829749507206 0.7921023496710776 8.713125846381853
CHINA micro 6052.0 132 7.51347054888198 1.9757451071115988 0.9301066379894924 0.4735957281790097 0.8577308293453831 9.435039122799214
CHINA micro 5304.0 406 19.101757658734726 1.6993607513593627 1.30323403294865 0.4312609289637579 0.8835641660358238 9.719205826394061
CHINA micro 9463.0 120 5.878060677127097 0.9395154867377825 0.8374660027778296 0.28769325172566507 0.7413130833301118 8.15444391663123
CHINA micro 5752.0 359 16.598246655233464 1.3985196413601313 1.2454694004340972 0.3799432792327668 0.8520569030348093 9.372625933382903
CHINA micro 5907.0 163 9.024587641207324 1.7544707873637384 1.001066517069628 0.44003817080844865 0.8564711292692055 9.42118242196126
CHINA micro 982.0 35 3.514321445019667 -0.0946110190852653 0.6545924800470031 0.0392598157266755 0.6016531317126134 4.813225053700907
CHINA micro 13020.0 245 9.768075778576472 1.1773770247537767 1.0321381031672165 0.33793363601999604 0.7864462045981668 8.650908250579835
CHINA micro 8593.0 611 23.67107659562119 1.586015911612276 1.3921881016314346 0.4126311927424225 0.8782351842450169 9.660587026695186
CHINA micro 5341.0 138 11.080258370575827 1.1315303676870927 1.0820762230032759 0.32869152437465204 0.8102542902476987 8.912797192724685
CHINA micro 5689.0 229 14.020096923243738 1.1197894727255258 1.1766727351377975 0.3262927310355067 0.8117582281046869 8.929340509151556
CHINA micro 8465.0 407 14.801738012461428 1.348066674561483 1.1987048570626326 0.3707104247659584 0.8375325135842039 9.212857649426242
CHINA micro 5660.0 389 18.936780752402065 1.3416459373429803 1.2996550328954333 0.3695212293005562 0.8617969782893184 9.479766761182503
CHINA micro 3938.0 122 8.745851096277757 1.2096269462935934 0.9888197716503524 0.34431895746702285 0.7999428494530612 7.999428494530612
CHINA micro 9827.0 104 9.247325966908107 0.27752021153908235 1.0106105513112245 0.1063677797973239 0.6841385200094557 8.209662240113468
CHINA micro 7634.0 430 19.539034433668395 1.2900050391726479 1.3125800230009657 0.3598364380090874 0.849830487147572 9.348135358623292
CHINA micro 7937.0 298 12.224180835664734 1.701947994011069 1.1213687794165632 0.4316769856440505 0.8466837086724677 9.313520795397144
