TARA micro 115925.0 3937 23.56107372688017 0.7935840944508329 1.390247348766612 0.25372174393351193 0.8090663871060321 9.708796645272384
TARA micro 133642.0 4105 22.185215326260945 0.7960753317518614 1.3652111336401773 0.2543245480762958 0.804122009938857 9.649464119266284
TARA micro 53084.0 3224 20.275775658814307 0.6632300354502062 1.3278854022796442 0.22095231910389962 0.8086218959974399 8.89484085597184
TARA micro 81189.0 3335 16.62824582125378 0.7428786803226252 1.246209098002488 0.24126715744838795 0.7940299013971188 8.734328915368307
TARA micro 96926.0 4112 27.681698985518796 0.6990062989124193 1.4576048735711225 0.23019498897960164 0.8101528115065716 9.721833738078859
TARA micro 133238.0 3849 14.894259461947822 0.6541548793803833 1.2012402982726995 0.2185761703381819 0.7648981257206663 8.413879382927329
TARA micro 157853.0 3289 22.300626545849457 0.6391660306629723 1.3673675992125698 0.21462294536355825 0.7465323227343367 8.95838787281204
TARA micro 95690.0 2927 14.617141337439017 0.7210079400228333 1.1936015407451774 0.23578287398830874 0.7786472768300459 8.565120045130504
TARA micro 124569.0 3299 12.053654521141068 0.7924908979935812 1.1157321144464059 0.25345695906162397 0.7790764788623616 8.569841267485979
TARA micro 127264.0 4481 47.85819166057653 0.7724671252756264 1.6889373888272141 0.24857818887976285 0.8208633074407469 10.671222996729709
TARA micro 86601.0 2710 17.226093119384764 0.7060515999701222 1.2606935848078624 0.2319921623786292 0.7767986297888814 8.544784927677695
TARA micro 69313.0 2535 11.922534476860635 0.6024028645319608 1.111347699523447 0.2047717126517903 0.7766004234101395 8.542604657511534
TARA micro 57414.0 3800 50.51905901505636 0.8346370493817529 1.7119679221254234 0.26355015957361927 0.844761792529633 10.137141510355596
TARA micro 64924.0 2605 19.928655651051795 0.6258344247243356 1.320741332395968 0.21107631488042317 0.784383838075718 8.628222218832898
TARA micro 100169.0 3386 11.416000353303835 0.7992724841942762 1.0939817162721919 0.2550969384544271 0.7904410803381534 8.694851883719688
TARA micro 62529.0 2484 9.999340704929091 0.6410101837997968 1.0413666545407472 0.21511127621112677 0.7616136661674098 7.616136661674098
TARA micro 103619.0 4618 55.132294089279604 1.1421176919725138 1.7492127919071048 0.3308433281065184 0.875453822187147 12.256353510620057
TARA micro 100385.0 3122 17.368092001292272 0.7197309577334339 1.264064045998449 0.23546050928484386 0.7766801300698929 8.543481430768821
TARA micro 54844.0 3250 37.26437407303557 1.195377518724441 1.5827946135533568 0.34150921259690153 0.8635364965295661 10.362437958354793
TARA micro 68985.0 2557 10.903910765830087 0.5328102548771209 1.0756896626530095 0.18548839728095154 0.7448451117673779 7.448451117673779
TARA micro 71132.0 2684 12.247108530445619 0.6343567212370875 1.1221210944004203 0.2133468533938629 0.7814442380374186 8.595886618411605
TARA micro 78278.0 4039 49.08101100122191 1.2823399433846223 1.6996730875310473 0.3583803309414242 0.8774414498849705 11.406738848504617
TARA micro 76328.0 3315 35.81450978594357 0.8212345765469689 1.5660190218797556 0.2603658868925799 0.8219478616292603 9.863374339551124
TARA micro 101365.0 3546 9.808158528147903 0.8804715356214038 1.0337517060542172 0.27426676396628025 0.8007149188452174 8.80786410729739
TARA micro 56690.0 2887 27.628879784392698 0.7722059891461127 1.4568043549033718 0.24851419991569323 0.8104782188531011 8.915260407384112
TARA micro 97737.0 3243 9.193881394637817 0.8709948868266377 1.0083395762848675 0.2720726006341571 0.7972111236090146 8.76932235969916
TARA micro 124540.0 3239 8.514680894822572 0.8940517771433185 0.9783942274163516 0.27739184701164493 0.7886070502465162 8.674677552711678
TARA micro 139279.0 3102 7.5217151273615865 0.8731495728143218 0.9305270120654692 0.2725724575964483 0.7794260972161013 8.573687069377115
TARA micro 143169.0 4398 26.76065248422995 0.5949957084071167 1.4434296695267084 0.20275951885551013 0.7853677736697371 9.424413284036845
TARA micro 91124.0 3486 17.25939675316219 0.6704970117550468 1.2614864253833542 0.22284570309330337 0.7837700311417133 8.621470342558846
TARA micro 96919.0 3386 17.125379171787532 0.7274923524381716 1.2582871005115879 0.23741613344058987 0.7835272823581434 8.618800105939577
TARA micro 108587.0 2934 12.32228592960366 0.772962430645855 1.1245787504675517 0.24869953292970312 0.7774176990125593 8.551594689138152
TARA micro 77642.0 3995 17.77942231161647 0.8350643754762089 1.2736822284659788 0.2636513042413447 0.8146994762706026 8.961694238976628
TARA micro 75826.0 3249 17.126574483958954 0.8185141886787701 1.2583157399325315 0.25971669392020885 0.8044729886396467 8.849202875036113
TARA micro 96014.0 4210 28.041965632043695 0.6415060661721018 1.4630260071472145 0.21524249199999315 0.789373789509904 8.683111684608944
TARA micro 147018.0 4184 17.200644732361578 0.8039131825982202 1.2600867725316414 0.25621563230469546 0.7998697602564162 9.598437123076994
TARA micro 103040.0 4153 28.317655088281004 0.7063074127547787 1.4671292312165114 0.23205727749727317 0.8094494345552149 9.71339321466258
TARA micro 111240.0 4547 40.15110781326432 0.8335283842565782 1.614381531181621 0.26328763752028567 0.8212460166433649 9.85495219972038
TARA micro 122480.0 3471 12.779058546564354 0.7686069571213929 1.1392195454381022 0.2476313290549412 0.7763052646224828 8.539357910847311
TARA micro 112335.0 4092 28.27025852856628 0.7315024429731398 1.4664265583420224 0.23842310863107918 0.8056933582505635 9.668320299006762
TARA micro 56449.0 3540 20.972528007631787 0.8309830471764754 1.3418800267249655 0.2626843232466481 0.8257956272180837 9.083751899398921
TARA micro 74287.0 2760 11.731922144321036 0.5715455686129979 1.1048939742471795 0.19632697836044036 0.7746401826252491 8.52104200887774
TARA micro 77265.0 3081 14.562777937798385 0.6482415575169079 1.192087120634143 0.2170208599150816 0.7849898869196583 8.634888756116242
TARA micro 110152.0 4750 37.30221557760453 0.8148076134182712 1.5832238963001608 0.25883059253502383 0.8189649169512853 9.827579003415423
TARA micro 128823.0 3387 13.614937768136432 0.6547818091482269 1.1647969704281464 0.21874073809368913 0.7648858883822401 8.413744772204641
TARA micro 128677.0 4215 28.649373554152437 0.7048766656630386 1.4720155218200481 0.2316929666954551 0.8007689921278645 9.609227905534373
TARA micro 114270.0 5742 44.10117261031989 0.6746995092672144 1.6541878334870748 0.2239368930598328 0.819298112835421 9.831577354025052
TARA micro 106730.0 3629 18.30484436298122 0.6604863984041182 1.2856663046613939 0.22023532249855343 0.7800090802006211 8.580099882206833
TARA micro 112059.0 3862 26.919921529924416 0.7242744848596188 1.4459141933505248 0.23660640172719508 0.8041577971464179 9.649893565757015
TARA micro 117215.0 4563 34.32607301541702 0.9147729769859204 1.5480953622430926 0.2821172896952708 0.8264815397555915 9.917778477067097
TARA micro 115161.0 3487 19.283825041432642 0.7072102857790624 1.3071498558756354 0.23228701867108828 0.796926764710996 9.563121176531952
TARA micro 106315.0 4197 39.03118176933842 0.8512931819807651 1.602398411197456 0.26747520169928213 0.8203779260922371 9.844535113106845
TARA micro 82500.0 5552 55.59157401179576 1.1076150761110284 1.7527517733686344 0.32379129649043115 0.8611868724273751 10.334242469128501
TARA micro 119900.0 3961 17.74229636971767 0.9590623138659755 1.272822801044714 0.29204825025595715 0.8205249528542552 9.846299434251062
TARA micro 93757.0 4353 44.644928746680236 0.7284912029706739 1.6593925334656012 0.23766717357410658 0.8188620382953289 9.826344459543947
TARA micro 114753.0 6254 49.64642478722331 0.8164341560480137 1.7045487932306944 0.25921965973614586 0.8324121120425089 9.988945344510107
TARA micro 108073.0 3393 14.34904775062999 0.7805335307539522 1.1860814371763988 0.2505501566591339 0.7857774476397794 8.643551924037574
TARA micro 125791.0 5523 53.47088730585018 1.040457249504841 1.7361644497893038 0.3097275001146118 0.8565402341550457 11.135023044015593
TARA micro 86324.0 3792 39.348742609063585 0.8725239102566164 1.6058300053169758 0.27242737191287225 0.8305935047254495 9.967122056705394
TARA micro 141432.0 5454 38.11844223673805 0.9285533451878658 1.592381552110992 0.285231656269371 0.8415598929156165 10.940278607903014
TARA micro 144234.0 3923 24.663438284604233 0.7930338163637529 1.4093148409710223 0.2535884803718229 0.8000921102558358 9.60110532307003
TARA micro 79206.0 4442 49.473154305446236 1.0798320360743945 1.7030604466921357 0.31802826344763485 0.8646504230154577 11.24045549920095
TARA micro 129135.0 3829 14.7258657706098 0.8361571944099524 1.196614564390637 0.263909858642177 0.7884044525057132 8.672448977562846
TARA micro 76315.0 3959 39.730738567538815 0.8586696754051584 1.609922285187851 0.2692022133890138 0.831749409921756 9.980992919061073
TARA micro 102780.0 4218 38.40718621364189 0.8888042507389678 1.595575426098409 0.2761869514480533 0.8257928226260595 9.909513871512713
TARA micro 104381.0 4870 50.156823676951255 0.8955963461861193 1.7089035713344272 0.2777458629136604 0.8487072683841205 11.033194488993566
TARA micro 112779.0 5712 54.20883566464245 1.0850736200823987 1.7420085881154512 0.31912139371317505 0.8493599514254679 10.192319417105615
TARA micro 106220.0 3070 11.903738675975603 0.7894397717257613 1.1107155592219635 0.25271708565570217 0.7814781468864481 8.59625961575093
TARA micro 92255.0 4480 34.41545990366197 0.7745517177873016 1.5491928859007706 0.24908866100811908 0.8240256520792381 9.888307824950857
TARA micro 123509.0 6974 28.314611068654347 1.2271221613061787 1.4670841365608038 0.34774403945258325 0.8597066476927019 10.316479772312423
TARA micro 149404.0 4237 16.80864229266051 0.7009530819635126 1.2506308106882924 0.23069233446773157 0.7921069063854543 9.505282876625452
TARA micro 118179.0 4738 40.22349389058245 1.1624378282630734 1.6151447975619708 0.33494363001873795 0.8588833682721634 11.165483787538124
TARA micro 124039.0 6517 58.23684782385644 1.302848854014613 1.7725919403095334 0.3622654342640362 0.8771124500372948 11.402461850484832
TARA micro 119710.0 3299 12.08544194759683 0.6702676811653645 1.1167883950814668 0.22278607781649284 0.7687234850614647 8.455958335676112
TARA micro 68606.0 3576 36.42173381906284 0.7338787888541564 1.5731239053074348 0.23901873375625013 0.8244152906740864 9.892983488089037
TARA micro 100842.0 5685 54.255262394909074 1.1450257416438354 1.7423736456193641 0.3314325083560775 0.8704792292368277 11.316229980078761
TARA micro 111087.0 3976 19.82596518652045 1.0166241606064355 1.318605138072404 0.304624966044234 0.8295494741927527 9.954593690313033
TARA micro 115773.0 4304 14.025240081462082 0.9007862561796639 1.1768214201237739 0.27893328310386073 0.8039196422272684 8.843116064499952
TARA micro 77211.0 3748 13.156286813734077 0.885021259266785 1.1509493530867116 0.27531625254191255 0.7979556103162949 7.979556103162949
TARA micro 100452.0 4363 27.362636168832378 0.8727862574400108 1.4527465939429898 0.27248821383472965 0.825098036083855 9.90117643300626
TARA micro 111238.0 5565 32.78154750805696 0.9990246492736784 1.5286795404042022 0.30081814928447065 0.8426192800783299 10.111431360939958
TARA micro 109445.0 4290 31.283977273733736 0.8912342780349942 1.5089870329159571 0.27674533072534635 0.8239222562213846 9.887067074656615
TARA micro 98337.0 5956 47.432190188981956 1.1427448765869685 1.6851341090523557 0.33097046535527697 0.8587824622245455 10.305389546694546
TARA micro 84116.0 4204 53.08389214428568 0.6202494010747441 1.7330679380364287 0.2095818695882457 0.8136445157404247 9.763734188885097
TARA micro 83957.0 5091 50.227792944934116 1.1180350856781798 1.7095056455018744 0.32593315000669776 0.8578071886510844 10.293686263813013
TARA micro 118221.0 4269 41.57300118083212 0.7700991038003447 1.629134266816368 0.2479975821972534 0.8272840146109602 10.754692189942483
TARA micro 95080.0 5627 61.33611357745709 1.1020272687690222 1.7947397221551418 0.3226383456594447 0.8692590816263066 11.300368061141986
TARA micro 118053.0 4174 36.7177055374553 0.7188553600337457 1.5765452656471985 0.23523933277658182 0.8065330459482499 9.678396551378999
TARA micro 109336.0 5555 47.795247417872254 1.100407297653058 1.6883775244472639 0.32230351852996325 0.8494017439539693 10.192820927447631
TARA micro 120366.0 4257 40.921245454901346 0.6837538903288567 1.6224341767942823 0.22627861217359788 0.8045514863435163 9.654617836122195
TARA micro 118668.0 4158 35.02597313600433 0.6742926588159056 1.5566157208361657 0.22383137301203068 0.8032456933826718 9.638948320592062
TARA micro 123658.0 4166 36.93988117154847 0.6348793933000122 1.5790959663359434 0.21348571983651465 0.7972884216437374 9.567461059724849
TARA micro 104170.0 4985 46.96641706824873 0.7334078876083512 1.6809372793247057 0.23890076842317265 0.8215826463727957 9.858991756473548
TARA micro 122930.0 4011 28.46608878496434 0.6861809023556394 1.469322493100125 0.22690416618447629 0.7966804779017265 9.560165734820718
TARA micro 113268.0 4631 31.51332623172871 0.6914249683438828 1.5120614016767082 0.22825273723664302 0.8105544648913329 9.726653578695995
TARA micro 109195.0 5481 49.43537399939764 1.0913005154650461 1.7027352456514742 0.3204164445013556 0.8473057604317652 10.167669125181183
TARA micro 92320.0 4001 27.323753384732218 0.6622062154868659 1.4521508043237499 0.2206849019345195 0.7910580396663925 8.701638436330319
TARA micro 95667.0 5826 29.856760887641247 0.9352110916549106 1.4893503351278092 0.2867283445181052 0.8449155193055303 10.138986231666363
TARA micro 101902.0 3345 14.036848265770928 0.773983289276089 1.1771568173578302 0.24894952450959434 0.7899297147214022 8.689226861935424
TARA micro 100892.0 3610 24.77138570596297 0.8394931393776704 1.4111377708316073 0.2646981724139648 0.8188770214726366 9.82652425767164
TARA micro 95349.0 3283 17.97091693179589 0.6941326757903528 1.2780883223907937 0.2289474190450468 0.7808956848310099 8.589852533141109
TARA micro 69585.0 2810 14.073361437797509 0.6310389255831174 1.1782101130377323 0.21246432582520894 0.7847336748624039 8.632070423486443
TARA micro 161337.0 3762 22.16926526890714 0.623527454608292 1.3649122618987948 0.2104596371468484 0.7736849893137784 9.284219871765341
TARA micro 63894.0 4473 41.17637654179865 1.039854367423673 1.6250692658847867 0.30959916267983917 0.8464522841433474 9.310975125576821
TARA micro 186898.0 3588 19.828426988200818 0.6044175216987302 1.3186564722453809 0.20531739622628845 0.7644190613127743 9.173028735753292
TARA micro 155298.0 5669 42.86458229312052 0.9613162073605234 1.6421139980817572 0.29254761714618305 0.8399317854222754 10.91911321048958
TARA micro 118035.0 5849 48.556589659297906 1.1042951717045344 1.69510141184629 0.3231066586999992 0.8480227186082533 10.17627262329904
TARA micro 61425.0 2857 34.66087471709301 0.571293194235029 1.552191991675781 0.19625722944346952 0.7860875157133013 8.646962672846314
TARA micro 39410.0 2942 40.23981206498737 0.6590601350151013 1.6153166774813887 0.21986212793630192 0.8195920352578964 9.01551238783686
TARA micro 70387.0 3362 43.83519654135368 0.5682217567448837 1.6516190778897268 0.1954074747521425 0.806221791047142 9.674661492565704
TARA micro 40590.0 3479 45.1134554260188 0.7253248961002003 1.6638276664880292 0.2368708891468828 0.8321710709177599 9.15388178009536
TARA micro 56160.0 3122 35.43330906206885 0.6497105330515934 1.5614986179103767 0.21740774728847925 0.8199969725239277 9.839963670287132
TARA micro 115422.0 5152 37.99497854368991 0.9104357024110202 1.5910086857143757 0.2811324256632684 0.8321255736869791 9.98550688424375
TARA micro 68154.0 3448 36.17289113865951 0.7724139722488462 1.5702263398618632 0.2485651649923072 0.8244363645130685 9.893236374156821
TARA micro 114132.0 4802 34.06699546364005 1.0045241988796196 1.5448985571714922 0.30201130347825955 0.8526895463713196 11.084964102827154
TARA micro 40905.0 2798 28.807285357715156 0.659516700607647 1.4743224252829317 0.2199816273051832 0.8168464991521812 8.985311490673993
TARA micro 49909.0 3248 38.83750050366601 0.7187919306001116 1.6002920819725797 0.23522330608699343 0.8185188507690367 9.003707358459405
TARA micro 73884.0 5761 56.34311101572821 0.9142481158365442 1.7584812508761252 0.28199822829715293 0.8547184006788772 10.256620808146526
TARA micro 78627.0 3408 22.98532533596065 0.7343099261686236 1.3799456135942543 0.23912670974773476 0.7951380619095744 8.746518681005318
TARA micro 68102.0 4906 51.889285193531 0.957596236900177 1.7233676975048438 0.29172312149746243 0.8535080157871313 10.242096189445576
TARA micro 115294.0 6130 49.634346661224704 1.003947629771508 1.7044452106172767 0.3018863676949889 0.8440957776618663 10.129149331942395
TARA micro 78051.0 2592 34.63330010053662 0.4453071879882074 1.5518560454518764 0.15996016257324785 0.7684695411512078 9.221634493814493
TARA micro 87909.0 4329 46.869850263990195 0.6813004961111717 1.680062069018934 0.2256453411252853 0.8117602212147593 9.741122654577111
TARA micro 83820.0 6072 61.580804488073674 1.0841883572363211 1.7964411417837354 0.3189369654968841 0.8606601338333263 10.327921605999915
TARA micro 78486.0 3103 30.899213371906185 0.6114686100264943 1.5037799735759065 0.20722185026097872 0.7946433003610506 9.535719604332607
TARA micro 161515.0 4113 23.712076543899144 0.7525418506331446 1.3929092404917407 0.24366839769833795 0.790580519432451 9.486966233189412
TARA micro 72336.0 3264 22.792812625455817 0.8394647046368591 1.3764457844295774 0.2646914590720063 0.8078504083018568 8.886354491320425
TARA micro 134591.0 2958 18.134977801535868 0.8276522258743982 1.2818279627363178 0.2618935596950023 0.7903433820467853 9.484120584561424
TARA micro 128279.0 2683 14.560431564846647 0.9461934571757492 1.192021637874258 0.28918600818721 0.7993933345324872 9.592720014389846
TARA micro 91143.0 5189 35.76017889704452 1.0437232881830099 1.5653776162562447 0.3104220937374342 0.8493697845273508 10.192437414328209
TARA micro 163215.0 2565 11.537119159558497 0.9606969323266885 1.0981977536524554 0.2924104693485438 0.7848782948534457 9.41853953824135
TARA micro 186476.0 5723 11.324764653950135 0.9920371601403256 1.0907786350107969 0.29929743564057315 0.7974162345918819 8.7715785805107
TARA micro 89154.0 4260 7.0684933987900145 0.8839399918048666 0.9067924480211427 0.27506706531297925 0.7905466291982112 7.905466291982112
TARA micro 127765.0 3874 12.497701085522198 0.7003329210927794 1.1302598062067855 0.23053396351815875 0.7750077009968492 8.525084710965341
TARA micro 136798.0 3300 23.980735918779946 0.864204023992873 1.3976052283038298 0.27049344108954276 0.8169027348536179 10.619735553097032
TARA micro 73002.0 3350 32.4260585934079 0.8327064833517083 1.5240851701298521 0.26309291620726255 0.8254891426778274 9.905869712133928
TARA micro 100451.0 4436 48.840980475284226 0.9520141541718968 1.697586577206836 0.2904829624374682 0.8480115168170621 11.024149718621807
TARA micro 72312.0 2658 21.395113240602715 0.7701684571393292 1.3501532627907333 0.24801459773176196 0.7906314421761418 8.69694586393756
TARA micro 96066.0 2955 12.993074937927855 0.747436934208355 1.145913159941093 0.24240151081569025 0.7800866704714197 8.580953375185617
