BIGN micro 734238.0 778 12.98043400559736 1.0251668289606195 1.1455206537637652 0.3064608052853435 0.7490774758352436 11.985239613363898
BIGN micro 2257650.0 368 7.196362142828334 0.9221780272780196 0.9136211387429996 0.28379360845424506 0.7331996546680152 13.197593784024273
BIGN micro 6733547.0 931 10.415327634842408 0.40641185154122816 1.0574883808251294 0.1481125174547185 0.6716956888156925 12.762218087498157
BIGN micro 13469935.0 5221 30.884211464626922 0.6408254104431035 1.5035756808247334 0.21506237306104808 0.761456083996509 15.22912167993018
BIGN micro 7718358.0 4809 31.44098721445387 0.6824849648746871 1.5110940617926993 0.22595119194437496 0.7575006828810533 14.392512974740013
BIGN micro 296215.0 400 19.418788736746386 0.7952091186336884 1.3100299757259342 0.2541150455487923 0.7817277681142034 13.289372057941458
BIGN micro 1240763.0 158 10.210627666132297 1.1196047557048154 1.0496299287686204 0.32625488525918284 0.7931400066795893 15.069660126912197
BIGN micro 74509634.0 1555 17.978600379869565 0.49017447878656106 1.2782641812360367 0.17323712125652102 0.7113827545785155 16.361803355305856
BIGN micro 2274658.0 936 12.111710497860726 0.8012676504508189 1.1176593515928266 0.2555782494533223 0.718606546481056 12.216311290177952
BIGN micro 5501151.0 1202 12.887383868947106 1.2711470636294144 1.142620440245138 0.3562452570091874 0.7964970487124113 15.133443925535815
BIGN micro 2345013.0 1406 35.86184733239226 0.965127554196498 1.5665770961071614 0.2933907451876772 0.8170049315865253 16.340098631730505
BIGN micro 10050053.0 2011 17.673691737316993 1.5072388481884538 1.2712301852576404 0.39919570831371776 0.8382747085319975 16.76549417063995
BIGN micro 1970909.0 2408 41.7020937375746 0.8215006679842733 1.6304491695538952 0.26042933484328235 0.8004144859814419 15.207875233647396
