CHU micro 2487.0 350 11.376136181405283 1.4156010727944819 1.092585079497667 0.38302521381118426 0.8390370165387966 6.712296132310373
CHU micro 2032.0 306 9.86833572174356 1.3555901630241265 1.0361630452637731 0.372099732031881 0.8324619297779308 6.659695438223446
CHU micro 872.0 181 4.654125912031689 1.1791709429579644 0.7523654755881833 0.3382912993933239 0.8015132693594889 4.809079616156933
CHU micro 1241.0 202 9.932251418495742 1.6769681014700495 1.0387096109834637 0.42764319620072583 0.8617965883808281 6.8943727070466245
CHU micro 785.0 174 7.223194521341168 1.4982301834843763 0.9150405637050909 0.3976324511764348 0.8152099122999835 4.891259473799901
CHU micro 1088.0 254 6.2179928201026735 1.1002379785155696 0.8584164457213631 0.3222685075436518 0.8080502238114223 4.848301342868534
CHU micro 4111.0 444 11.469585095136877 1.4305324186497403 1.0958520032868575 0.3857014181062192 0.8445618678575096 7.601056810717587
CHU micro 684.0 162 6.974803631057551 1.827167571375471 0.9017199979363546 0.4513515506780184 0.8379973437839987 5.027984062703992
CHU micro 2445.0 398 8.193351506110794 0.8665992634980837 0.9634738656041248 0.2710510901333085 0.793332750398316 5.553329252788211
CHU micro 154.0 37 4.789569674136931 1.9020059410876202 0.7626462847821738 0.4626982972054141 0.8222450884679761 4.11122544233988
CHU micro 1015.0 142 8.844616040254405 1.508625152538997 0.9931987824497016 0.39943577237642847 0.8488700752508566 6.7909606020068525
CHU micro 333.0 59 5.32108314606755 1.5040109020458077 0.8007915029746282 0.39863621538824384 0.7973420299911735 4.784052179947041
CHU micro 1888.0 303 7.504072752954133 1.3277004081227692 0.9296269669516665 0.3669270827339227 0.8245520679429544 5.771864475600681
CHU micro 1350.0 160 7.334343149623327 1.4697708156658271 0.9208713776811193 0.3926566544298391 0.8326429745771906 6.661143796617525
CHU micro 513.0 158 4.373092228917897 1.3453919855901435 0.730224295280465 0.3702154367961401 0.8079172092626411 4.039586046313206
CHU micro 374.0 73 6.557722353126845 1.8062436587647301 0.8783909332650688 0.4481253769784549 0.8206751951202533 4.92405117072152
CHU micro 1475.0 275 11.08279302025972 1.631724241667701 1.0821673360301451 0.4202403809159973 0.8705570360228491 6.9644562881827925
CHU micro 1847.0 152 10.516068839111176 1.5432315437076891 1.0613042522773164 0.4053859014957507 0.8472979730087042 7.625681757078338
CHU micro 5160.0 469 9.892691516158171 1.0457325339846841 1.037135204474626 0.3108488519530087 0.7929466183204719 6.343572946563775
CHU micro 4415.0 388 11.170001780501124 1.2812456231106204 1.085290641768418 0.3581720485465317 0.8288455382538858 7.459609844284973
CHU micro 5680.0 449 9.487046631512044 1.370440167352238 1.0206531991346306 0.37482899769897315 0.8257722476412377 7.431950228771139
CHU micro 48.0 22 1.6809140447856474 0.8175578857466707 0.4282828898971984 0.2594882512009702 0.5573675251797132 1.1147350503594264
CHU micro 389.0 114 4.416804878431455 1.654705822406919 0.733743191919723 0.4240164023350504 0.810254911416685 4.051274557083425
CHU micro 1736.0 272 8.281482987801631 1.3114869514067418 0.9676173729821241 0.3638914461418082 0.8160881753715137 5.712617227600596
CHU micro 378.0 81 4.461553518784924 1.7380017002470594 0.7373161937433721 0.4374337134866806 0.8398889591062315 5.039333754637389
CHU micro 4131.0 252 13.186940179057496 1.3866332971088904 1.1518887374839428 0.3777856953887017 0.8481992018845655 8.481992018845656
CHU micro 717.0 187 5.41368325639579 1.2565095051736055 0.8071075082278797 0.3534371672537946 0.7898741754837045 3.9493708774185228
CHU micro 1114.0 269 8.559884866974425 1.2631855481550205 0.9804526619477754 0.3547201612178602 0.817596935588214 4.905581613529284
CHU micro 20.0 12 1.4253263561857912 1.2893825222290463 0.3847701863008233 0.35971836297327187 0.5443310539518174 0.5443310539518174
CHU micro 164.0 38 4.881127068649457 1.294248068555817 0.7694605629451607 0.3606403747597703 0.7712755020469514 3.856377510234757
CHU micro 4655.0 350 10.009391396651043 1.0454888550459787 1.0417633116709661 0.3107971175644251 0.8044720342943561 7.240248308649205
CHU micro 5525.0 312 9.48723477159786 1.3049206259244883 1.020660990410005 0.36265597427380497 0.831411914501186 8.31411914501186
CHU micro 2412.0 379 9.903994976555873 1.268286356433542 1.0375856427482453 0.3556978805421222 0.8396413982767628 6.717131186214102
CHU micro 856.0 120 8.447341392138247 1.794639728931457 0.9753096094435254 0.44632582874412796 0.8567738028217781 6.8541904225742245
CHU micro 1606.0 294 7.378393747727564 1.3049108057056313 0.9231607664390342 0.3626541239385275 0.8251060299763321 5.775742209834324
CHU micro 929.0 161 9.355843285637954 1.5154132713641872 1.0151854696599334 0.40060934793197733 0.8453713005864015 5.917599104104811
CHU micro 1416.0 299 8.187697341450916 1.4670341134355773 0.9632066803515994 0.3921751548299869 0.8418240249880561 5.892768174916393
CHU micro 524.0 146 5.253996658888477 1.284378959258312 0.7961576448911348 0.35876815135261264 0.7896961562642393 3.948480781321196
CHU micro 3155.0 438 10.082473787885665 1.1292087037875398 1.044636712785261 0.32821823281500156 0.8234634024540051 6.5877072196320405
CHU micro 858.0 79 7.206406976719264 1.1477423678401377 0.9141530509395316 0.33198218441304433 0.7966252673949539 6.373002139159631
CHU micro 845.0 197 7.1650549612817 1.3165372175009151 0.9119591124408468 0.36483928197299087 0.821420625143736 4.928523750862416
CHU micro 1214.0 253 5.556933822453168 1.1576484040924586 0.8167008004594922 0.3339806763974014 0.7975236826520004 4.785142095912002
CHU micro 560.0 144 3.7107747879470496 1.0209852706816602 0.6730923420455313 0.3055631483074921 0.766834781467957 3.8341739073397854
CHU micro 1215.0 245 8.03258042695425 1.442097741989824 0.9558118372566025 0.38776304206477624 0.8371883416124553 5.860318391287187
