MCDB macro 463.0 15 0.5870266174416587 -0.3919106013753174 0.20058421075679797 0.14361134261923778 0.3373145891166325 2.023887534699795
MCDB macro 224.0 16 2.276912574695668 0.2722772812942653 0.5154648549210614 0.10458177217141112 0.5622555961529857 3.3735335769179144
MCDB macro 190.0 16 2.8139939234910054 0.4280022068246019 0.5813799967864347 0.15472887859632264 0.606375033994701 3.638250203968206
MCDB macro 123.0 10 0.9553805498249761 0.26610603862154614 0.29123129094201866 0.1024700801360634 0.5571744057627581 2.785872028813791
MCDB macro 361.0 17 1.3567477122130738 0.004956902611688387 0.37231309416707276 0.002147437518438999 0.4872030340476583 2.92321820428595
MCDB macro 1355.0 16 3.3403959281567257 0.5603360267580361 0.6375293473859899 0.1932181360799499 0.6107118912546282 5.496407021291654
MCDB macro 1822.0 15 3.0796660462637933 0.025064148209858753 0.6106246140210567 0.010751044261857799 0.540617078420826 5.40617078420826
MCDB macro 2043.0 14 2.9879564410162267 0.28244086933687673 0.6007504060263774 0.1080373498363101 0.5244696076547972 5.244696076547972
MCDB macro 1823.0 12 2.8168318436571953 0.8060615285516143 0.5817030268654038 0.256732541689153 0.4785527695154447 4.785527695154447
MCDB macro 2007.0 18 3.0773252583092776 0.43145796558352606 0.6103753575778662 0.1557785995925783 0.5655754592831317 5.655754592831317
MCDB macro 2012.0 20 3.331758711264708 0.3050874216423455 0.6366642574443357 0.11563960398482462 0.6450787152343952 6.450787152343952
MCDB macro 2070.0 17 3.3425572079685097 0.4542157329736987 0.6377455484643041 0.16262883890962054 0.6213595913910652 6.213595913910652
MCDB macro 2050.0 15 2.717851683447069 -0.09801709470038149 0.5702920604371403 0.04060910156785556 0.5018909100851151 4.517018190766036
MCDB macro 77.0 11 -0.10977060980453512 -0.8566327674887544 -0.045233219154731726 -0.2687260109960899 0.2558007577338432 0.7674022732015295
MCDB macro 246.0 11 1.3649111642560356 -0.6639354077071143 0.37381483150172967 0.22113646340852522 0.407923939806171 2.447543638837026
MCDB macro 68.0 11 1.8466152589066547 0.9600356020684793 0.4543287730039695 0.2922639599490578 0.635396258050727 2.541585032202908
MCDB macro 146.0 11 2.152897005717156 0.6819714574451913 0.49870978407512195 0.22581862167638245 0.6053554273688843 3.6321325642133058
MCDB macro 145.0 18 2.0848792810660175 0.0043526703120747474 0.4892381736876765 0.0018862385822907613 0.57443662445593 2.87218312227965
MCDB macro 140.0 21 1.8290500464527988 0.7143304855135085 0.45164063027991086 0.2340945481586145 0.5236432169351648 2.094572867740659
MCDB macro 222.0 18 2.8370025602596534 0.3405882786800587 0.5839920889836353 0.12729541785733053 0.5919579493538946 3.5517476961233676
MCDB macro 1350.0 18 1.4887944940924476 -0.5318794019772678 0.39598903732118984 0.1852245765776726 0.4780379704140223 3.8243037633121784
MCDB macro 62.0 10 1.515373282490637 0.42420066117845506 0.40060244366484743 0.1535711830529964 0.5283174202687166 2.1132696810748666
MCDB macro 3541.0 13 0.9568507927542678 -0.18338516822032372 0.29155771254922713 0.07312612181066021 0.2792623665383612 2.5133612988452505
MCDB macro 19.0 11 1.649915822768611 1.9227181262840614 0.4232320783565308 0.4657869330097501 0.7652437049827765 1.530487409965553
MCDB macro 395.0 12 1.5411659616058861 0.3751365730534474 0.405033029417143 0.1383458326957581 0.5645060488096616 3.951542341667631
MCDB macro 1647.0 13 2.099334462652102 1.09434298209757 0.4912684453733147 0.3210478058217165 0.6287194449420858 5.658475004478772
MCDB macro 632.0 14 1.6640583286646569 0.3189909051711045 0.4255437293345546 0.12024180096894246 0.3324607994076906 2.327225595853834
MCDB macro 445.0 12 1.2802357587544475 0.42529331577581314 0.3579797520148542 0.15390424842485187 0.5392309002581542 3.7746163018070797
MCDB macro 161.0 11 1.2819607385259006 0.08960842359821274 0.35830816804528315 0.0372704520467574 0.4200952592569406 2.100476296284703
MCDB macro 4915.0 13 2.1998466224807824 0.08047272244627453 0.5051291618803297 0.03361380718353641 0.2232174200056999 2.232174200056999
MCDB macro 1207.0 11 2.7317185783453497 0.2786518078010785 0.5719088846778664 0.1067522969899955 0.5328473216065541 4.795625894458987
MCDB macro 1435.0 13 2.343363614286746 0.256553457076078 0.5241836117378703 0.09918096934667299 0.5809045593248121 5.228141033923309
MCDB macro 304.0 10 1.4090811043743097 -0.027908283293078057 0.3818514212475342 0.011954365790871497 0.32249763794423475 1.9349858276654084
MCDB macro 336.0 13 0.1483381735004871 -0.48092462147453247 0.06006980204948846 0.1705329536523443 0.15773126721159128 0.7886563360579564
MCDB macro 606.0 11 2.258926064553602 0.150467202150403 0.513074507712575 0.06087424218925038 0.28429798398235623 1.9900858878764938
MCDB macro 548.0 10 1.3418598276617797 -0.029319029698567665 0.3695608967590424 0.01255000193806664 0.35972759455596215 2.518093161891735
MCDB macro 567.0 10 0.5698169402513912 -0.014584656468122603 0.19584901134303 0.006288290209244866 0.306043961840005 2.142307732880035
MCDB macro 1138.0 16 0.9499164006129835 -0.11815846456928479 0.29001599211597645 0.04850335579656521 0.4101252856324718 2.8708769994273027
MCDB macro 1342.0 14 0.6767559325958091 -0.13161656729008894 0.22446985160971625 0.0536992970652608 0.40922399657289044 3.2737919725831235
MCDB macro 248.0 11 0.8331190401330019 -0.7252965520173245 0.26319066834150684 0.2368637543863923 0.28722945961247015 1.4361472980623509
MCDB macro 126.0 10 1.2937544671529988 -0.1773254655568841 0.3605469273980209 0.07089653791238555 0.4048343500483037 2.0241717502415186
MCDB macro 47.0 10 1.9898878384398175 0.46169829295461784 0.47565489666545857 0.16485773977173418 0.5856745666583398 2.3426982666333593
MCDB macro 477.0 14 3.2771816776470857 0.8794005250078022 0.6311576977489499 0.27401934383887855 0.6934417450701421 5.547533960561137
MCDB macro 387.0 11 2.8351670015557193 2.2588787234236327 0.5837842799603558 0.5130681988425853 0.6781455702879251 5.425164562303401
MCDB macro 176.0 10 1.8717212734714765 0.308437856529178 0.45814228540745733 0.11675310090990276 0.5017384989141874 3.0104309934851248
MCDB macro 138.0 11 1.583764151867747 0.6301672268119007 0.41225286837215724 0.21223215775146784 0.560104103238384 2.80052051619192
MCDB macro 843.0 18 1.75759724328037 -0.5709728744243301 0.4405308362438417 0.19616868625605444 0.42001746633911924 2.9401222643738345
MCDB macro 2313.0 11 0.10546828460012769 -1.333459653352784 0.043546287375396196 0.3680002961242246 0.18098231821182903 1.4478585456946322
MCDB macro 1065.0 10 1.6183346453736684 0.01708484996986676 0.4180251522801622 0.007357185308748291 0.3773324007952663 3.0186592063621305
MCDB macro 369.0 19 2.6100159939769227 0.43241723931601883 0.5575091260276895 0.15606953915832766 0.5155239282088812 3.0931435692532867
MCDB macro 1056.0 10 1.3748192815237656 0.2944703823103565 0.37563056637216985 0.11209211815727227 0.5181263471249054 4.145010776999243
MCDB macro 646.0 10 1.096171748887009 0.2850852086223673 0.3214268634920733 0.10893192487169719 0.5061175356041083 3.5428227492287583
MCDB macro 99.0 10 0.9110158281353481 0.32940985909741904 0.2812642841473064 0.12365889524128769 0.5978694503435407 2.989347251717703
MCDB macro 209.0 10 2.3533304453796235 1.3201848318665754 0.5254763519775125 0.3655225832798366 0.6754789154410469 4.7283524080873285
MCDB macro 344.0 11 1.6891573406287672 0.28842677025942987 0.4296162132191295 0.11005973978562907 0.5670795879142634 3.9695571153998435
MCDB macro 496.0 12 1.7011766007882025 0.5202006115546787 0.43155297894516104 0.18190090290681704 0.5645060488096616 3.951542341667631
MCDB macro 619.0 14 1.9719624962090927 0.23515475970388455 0.47304332467393145 0.09172137627956817 0.5184044527543074 3.6288311692801516
MCDB macro 118.0 20 2.721050746375488 0.36048181148988223 0.5706655928166352 0.13369273999862794 0.6464082555609993 3.2320412778049965
MCDB macro 731.0 17 3.1161140487105894 0.07503953101132922 0.6144873996276828 0.03142443428365251 0.5159021309679084 4.127217047743267
MCDB macro 102.0 14 1.1829573396316118 -0.11451118044783666 0.33904524860716073 0.047084429552412294 0.4867661928756347 1.9470647715025389
MCDB macro 42.0 10 0.8805303416578979 0.1803273675229736 0.27428034499494625 0.07200247695931809 0.41109187578281087 1.2332756273484327
MCDB macro 50.0 13 1.2877600388104438 0.03720294355988704 0.35941046973385665 0.015863740617562724 0.47758209545642655 1.4327462863692797
MCDB macro 1642.0 14 1.0721773781843749 -0.25933452890526737 0.316426928230301 0.10014111117164243 0.3970850479472503 3.1766803835780024
MCDB macro 1036.0 13 2.71658868061425 0.37072645700854295 0.5701444998570999 0.13695079536961055 0.5667354125703651 5.100618713133286
MCDB macro 900.0 14 3.2589473405492018 1.465040734958885 0.6293022703037826 0.3918241004171804 0.6896499285884274 6.206849357295847
MCDB macro 10085.0 24 2.4482689069167383 0.7391525856234381 0.5376011261307329 0.2403376867682097 0.554323224085597 6.097555464941567
MCDB macro 519.0 12 2.4331587999018507 0.6888930237646201 0.5356938920730193 0.22760214177937116 0.642966173298964 5.143729386391712
MCDB macro 443.0 13 1.7750688010866926 0.09333932339826796 0.44327375486838744 0.038754968362462755 0.5618585770061372 3.9330100390429603
MCDB macro 39.0 10 1.5385995774829426 1.338040088095607 0.4045942034322464 0.36885195331403975 0.6104316219706338 1.8312948659119015
MCDB macro 1322.0 14 1.333069758049103 -0.31392047568990294 0.3679277242557654 0.11856908058586496 0.43310418647486226 3.464833491798898
MCDB macro 406.0 10 0.521739089644227 -0.6849554675467541 0.18234019669132245 0.2265884271929459 0.3424054008803304 2.0544324052819825
MCDB macro 910.0 14 1.5252228786722988 -0.4095388337918768 0.4022997154074633 0.1490770454926129 0.46154746560819493 3.6923797248655594
MCDB macro 185.0 10 1.3142655666761927 0.4418561350382621 0.3644131936496034 0.15892192967886176 0.5973463821697079 3.5840782930182478
MCDB macro 216.0 14 0.9553593479919507 0.31127131405803576 0.2912265819409959 0.11769256049813356 0.5078736391150434 2.5393681955752165
MCDB macro 152.0 10 0.20308457471079316 -1.286970606529731 0.08029615854444765 0.35926058283850376 0.22593016636087154 0.9037206654434862
MCDB macro 829.0 12 1.7714261069212496 0.6516381135854674 0.44270330371716277 0.21791489619883048 0.43936536192180276 3.514922895374422
MCDB macro 64.0 10 0.9055017708117492 -0.28260238184937686 0.28000935670483457 0.10809204208603912 0.4822888710250085 1.929155484100034
MCDB macro 47.0 10 0.6091272827072992 -0.21790056603224056 0.20659039835080056 0.08561183231467254 0.42758563414487627 1.2827569024346288
MCDB macro 516.0 12 1.4389710869779173 0.5856164815727474 0.3872066519576941 0.20019815140639702 0.5870494963186186 4.10934647423033
MCDB macro 1402.0 10 2.662404804287265 1.4105469584352412 0.5637663450317784 0.38211559613458823 0.6927394186393465 6.927394186393465
MCDB macro 413.0 21 3.154258233486621 0.7990260517221252 0.6184934892844299 0.2550374524157252 0.6371558033613962 4.460090623529774
MCDB macro 303.0 14 2.368480917404236 0.9351898657787414 0.5274340913979104 0.2867235810421784 0.6788042438339481 4.751629706837637
MCDB macro 392.0 14 2.399834936282976 0.5523361244485578 0.5314578323358904 0.19098576407941026 0.5682248083107193 3.977573658175035
MCDB macro 303.0 14 2.924750348019503 0.9869210541171041 0.5938120366415743 0.2981806117286195 0.6508469139708085 4.555928397795659
MCDB macro 103.0 14 0.9021715317812484 0.051565497609354506 0.27924967766295733 0.021836328248620807 0.4803405369095137 1.921362147638055
MCDB macro 746.0 13 3.0375369674233035 0.661644354511563 0.6061165117291166 0.2205380763667894 0.6454312070039391 5.808880863035451
MCDB macro 438.0 10 2.0826069874889814 0.44529253080277986 0.48891815851019516 0.15995575827284605 0.49911928707333025 3.4938350095133117
MCDB macro 499.0 11 2.462913926657745 0.8243832190827242 0.5394416969661097 0.2611160688893943 0.5369529149233991 4.295623319387193
MCDB macro 160.0 10 1.6740739878048017 0.23357680506930253 0.4271734193997199 0.09116619474942818 0.5348364677025961 3.2090188062155764
MCDB macro 5835.0 19 2.0670894850212975 0.22540204590967974 0.4867264470891135 0.08827860108696063 0.5279816097494902 5.279816097494901
MCDB macro 1169.0 24 1.7144021836991068 -0.46309238425181803 0.4336741960211207 0.16527174970975306 0.43653111621680857 3.05571781351766
MCDB macro 78.0 10 1.5743900441827634 0.7114355898488626 0.4106743472316288 0.23336055903942632 0.644482007413378 3.22241003706689
MCDB macro 7219.0 23 1.6244396420531275 -1.1259256005091134 0.41903658913513925 0.32754806176125284 0.3292484205107149 3.292484205107149
MCDB macro 291.0 14 2.7359761742145836 0.02753868698127241 0.572404097900634 0.011798182106446335 0.5656347955912938 3.959443569139057
MCDB macro 801.0 14 1.4928386261680522 -0.457441875808106 0.3966941653737595 0.16359124369235126 0.4082387891673463 2.857671524171424
MCDB macro 720.0 18 1.5434986448876553 0.08878632156287394 0.40543151058621746 0.036942656182163046 0.49281489554082764 3.4497042687857933
MCDB macro 398.0 10 2.2409378423258146 0.5049109368510926 0.5106707018147555 0.1775107984158079 0.5699563440760801 3.9896944085325607
MCDB macro 1233.0 16 2.0178461121825464 -0.08848401766424739 0.4796970901997075 0.03682205662820816 0.4640555089065299 3.7124440712522393
MCDB macro 1004.0 13 2.1940928829189783 0.0940530956094529 0.504347541092588 0.03903839930147695 0.47587498294331976 3.806999863546558
MCDB macro 139.0 10 1.4164222718227895 0.7896675546947103 0.38317282990677665 0.2527723647393381 0.5772966779101046 2.886483389550523
MCDB macro 1515.0 11 2.129420312748958 0.33063522899882936 0.49546389719814204 0.12405901734936584 0.579855237647491 5.2186971388274195
MCDB macro 985.0 34 2.116282925207991 0.15230952034973272 0.4936368800912462 0.061569150028789404 0.5619021899106639 3.933315329374647
MCDB macro 466.0 12 1.746730548105324 -0.14844675670543986 0.4388160575965135 0.06011086561286639 0.5046918833741432 3.5328431836190024
