CATLIN micro 18000.0 401 7.802019830689202 0.9074225203947013 0.9445823426805949 0.2804469059200015 0.76684034950353 8.43524384453883
CATLIN micro 21511.0 287 10.044071984928818 0.7480806299551399 1.0431292286948135 0.24256146052778965 0.7432383583596076 8.918860300315291
CATLIN micro 37416.0 801 9.821652289463618 1.377972614009095 1.0342935755036728 0.3762068487464164 0.8090144737085206 8.899159210793727
CATLIN micro 37311.0 340 11.507829611444105 1.0800985763250641 1.097181956412147 0.3180839167606417 0.7849634673710094 10.204525075823122
CATLIN micro 5859.0 305 5.138338653119095 1.0213973684877367 0.7880508448523609 0.3056516959882926 0.7364308874805088 5.89144709984407
CATLIN micro 22176.0 353 10.670881685920369 0.9823857751855254 1.06710366640235 0.2971881727181278 0.7686800810058093 9.224160972069711
CATLIN micro 3064.0 209 11.543646719327445 1.6398070466031152 1.098423813994125 0.4215721838175456 0.854586771582232 8.54586771582232
CATLIN micro 23279.0 342 12.08928211891971 1.0573406064263051 1.1169158283428695 0.31330619798831183 0.7859807997990061 9.431769597588074
CATLIN micro 141900.0 663 12.7224589240066 1.5606031197626347 1.1374319394642942 0.4083422702864489 0.8289243539793026 11.604940955710237
CATLIN micro 9049.0 244 5.664642855204442 1.722223599407082 0.8237768814063241 0.4349237946367465 0.822524730347564 8.22524730347564
CATLIN micro 745803.0 928 20.143820968383725 0.8595084872327469 1.3251834728264438 0.26939816492136237 0.7612726436569597 12.941634942168315
CATLIN micro 27675.0 431 13.856366576017958 0.698881033989568 1.171912606939159 0.23016296798569277 0.7474733199773672 8.969679839728407
CATLIN micro 35836.0 360 12.528547143482681 1.0136089513643942 1.1312511593878918 0.30397513317177277 0.7973368545775901 10.365379109508671
CATLIN micro 8538.0 500 10.676881753462308 1.2898771067688224 1.067326882325249 0.3598121752288314 0.8325558358511893 8.325558358511893
CATLIN micro 34678.0 275 7.3388814959080815 1.2300496429228114 0.9211078021087886 0.34831453094388803 0.7728849958740273 9.274619950488328
CATLIN micro 84814.0 746 22.3253211792043 1.2837637958047952 1.3678276324998149 0.3586511838630788 0.8321077393349114 11.64950835068876
CATLIN micro 23011.0 393 10.44432490613313 1.437332894220048 1.0585901789949639 0.3869148497630215 0.8329834605756257 9.995801526907508
CATLIN micro 489002.0 691 21.43824891628724 0.7140976994683296 1.3509889615116086 0.23403557203918843 0.7630335264205793 12.971569949149849
CATLIN micro 36976.0 472 9.831029169648488 1.4326125893524433 1.034669725458497 0.38607294998989156 0.82394942871188 9.88739314454256
CATLIN micro 66325.0 554 10.264928522523183 0.815710866266272 1.0517284404120693 0.259046692652921 0.7460598658459646 9.69877825599754
CATLIN micro 54003.0 420 13.707739140024678 1.091949909215592 1.1675459185144414 0.32055128133686805 0.7879971843097018 10.243963396026123
CATLIN micro 14720.0 447 12.758197973612134 1.4347406388730024 1.1385615544396992 0.3864527047270344 0.8274093741519003 9.101503115670903
CATLIN micro 2089.0 109 6.31854786406885 1.022243797446042 0.8644249175085922 0.30583351203783776 0.7735028160370695 6.961525344333626
CATLIN micro 4982.0 279 7.520789688882689 0.9028489332067902 0.9304798461318868 0.2794043111042023 0.7637915822414885 6.874124240173396
CATLIN micro 24610.0 413 9.755628434756847 0.9772110317543197 1.0316357906206144 0.2960530249207749 0.7682030870558773 8.45023395761465
CATLIN micro 30182.0 488 8.650674882606305 1.051618292105008 0.9845576851099358 0.3120965625543966 0.7592030642646143 8.351233706910756
CATLIN micro 21856.0 319 9.653027974667882 0.9539095283677133 1.0274730674726007 0.29090445076437776 0.7790494101982582 9.3485929223791
CATLIN micro 4047.0 220 9.230980978370539 1.13143750131148 1.0099172772183018 0.3286726026488831 0.7794664443864101 7.0151979994776905
CATLIN micro 28141.0 587 10.069520101315574 1.3753090002604267 1.0441287932483498 0.37572011433094216 0.8179388077781572 8.99732688555973
CATLIN micro 196919.0 695 21.635887742025353 0.630475538848887 1.3547975314755263 0.21231428770337588 0.7699555699594414 12.319289119351062
CATLIN micro 110364.0 528 13.957170437273406 0.9435195312440442 1.1748494424784561 0.28858890939686677 0.7710939338591967 10.795315074028753
CATLIN micro 37489.0 407 14.528603008148496 1.3988009798251497 1.191132387271254 0.3799942175596757 0.809061688502448 10.517801950531824
CATLIN micro 273156.0 961 25.95596122764052 0.4832569108512776 1.4306548230285754 0.17121638049682206 0.7566483481401196 12.106373570241914
CATLIN micro 867615.0 1001 18.698865026695636 0.7662918527087478 1.2944412044944462 0.24706246569036627 0.7485105209855605 12.724678856754528
CATLIN micro 103906.0 509 17.40216440395631 0.9190298788576559 1.264868906347223 0.2830817366541722 0.8052846880559941 12.07927032083991
CATLIN micro 26182.0 100 8.900959682642576 1.8976921801437054 0.9956772920395988 0.4620522487799584 0.8543397080139492 11.960755912195289
CATLIN micro 128084.0 851 15.124855946751406 1.2593725085102956 1.207495843505109 0.3539878400630555 0.8197484513469356 11.4764783188571
CATLIN micro 41753.0 650 21.994816772452182 0.9481835353557146 1.3616299533738536 0.28962986868094426 0.831810230948384 11.645343233277377
CATLIN micro 103365.0 550 11.853573877694071 1.0833641727558372 1.1090238980612608 0.3187651914045194 0.7936452850877279 11.11103399122819
CATLIN micro 85211.0 815 24.495943761226954 0.9421284879442211 1.4064710925030257 0.2882779587126944 0.8240542823189664 12.360814234784495
CATLIN micro 71635.0 791 17.451358280230004 1.363936651006587 1.2660283418715557 0.3736358341013894 0.8465802341244055 11.852123277741677
CATLIN micro 42075.0 424 14.276258370057217 0.529159458597054 1.184016995062712 0.1844527753913372 0.733755837448138 9.538825886825794
CATLIN micro 135245.0 546 12.051549896921866 1.000795975660818 1.1156620880507322 0.3012028051968275 0.7788992138792602 10.904588994309643
CATLIN micro 57.0 19 2.8997636738933545 1.5899643246043633 0.5910382895306446 0.41329378194450567 0.7721988018838835 3.088795207535534
CATLIN micro 110190.0 572 14.965345543671463 0.9889618759071654 1.2031783225676513 0.2986264587192941 0.7842351611479383 10.979292256071137
CATLIN micro 35652.0 519 15.165509249590624 0.7101499231408853 1.2085893904077356 0.23303418521010102 0.7729282533301421 10.048067293291847
CATLIN micro 220232.0 1003 17.687672648998003 1.2656423261480987 1.2715552179848006 0.3551913494634419 0.8269055876279707 12.40358381441956
CATLIN micro 38708.0 551 19.68938882766644 0.7666403810863766 1.3157476616327548 0.2471481531259949 0.7705104456392887 10.016635793310753
CATLIN micro 514486.0 755 15.575566290223497 0.8440114555137421 1.2194683746344617 0.2657636146845044 0.7485739184603503 11.977182695365604
CATLIN micro 62387.0 555 11.472613858290895 1.2483479866347897 1.0959574771573612 0.351863529752557 0.7955320314956804 10.341916409443845
CATLIN micro 215474.0 872 16.390227778273857 0.8563952975111161 1.2403052704558224 0.26867045962441094 0.776171463605175 11.642571954077624
CATLIN micro 114682.0 655 13.798126063802789 0.8844969241815749 1.1702067227140545 0.2751954329439896 0.7586390858197972 10.620947201477161
CATLIN micro 173664.0 849 14.02943094119491 0.8370997188124668 1.1769425372217996 0.2641327306959018 0.765412165509071 10.715770317126994
CATLIN micro 77482.0 633 12.316780943351253 1.0818564227538396 1.124399255802982 0.31845077466737776 0.7902394113532711 10.273112347592525
CATLIN micro 1085887.0 1326 23.69335054103207 1.07283325571196 1.3925800215948474 0.316564367681521 0.8197106955831557 14.754792520496803
CATLIN micro 235882.0 1618 29.829297547740357 0.7081165048867275 1.488963629344877 0.2325174891304107 0.789138129196273 11.837071937944096
CATLIN micro 200522.0 633 15.818027383200558 0.9999229576039013 1.225775055265063 0.30101326579800275 0.7861097212451358 11.791645818677036
CATLIN micro 134387.0 1210 10.287262729823922 1.0252322962058875 1.0525886340891155 0.306474844426914 0.7853095107444771 10.209023639678202
CATLIN micro 302045.0 1278 19.946566042021207 1.193397881153379 1.3211128353576989 0.34111741960079 0.8157234242949616 12.235851364424423
CATLIN micro 94829.0 823 6.73052632717511 0.8429897225681744 0.8882090635439738 0.26552291338273354 0.7342076179889886 8.810491415867864
CATLIN micro 212739.0 915 11.05159114564352 0.8227085870017158 1.0810443896622195 0.2607172395964769 0.7572906220732573 10.602068709025602
CATLIN micro 8787.0 229 8.743356597832008 1.8738043320612376 0.9887085976167 0.4584571951138142 0.8573144999667853 9.430459499634638
CATLIN micro 131712.0 760 17.885396000190166 0.967298360192755 1.2761260958034333 0.2938702299544579 0.7841678243466916 10.978349540853683
CATLIN micro 26304.0 828 21.596378071078576 1.0238368407376728 1.3540388325189532 0.306175497286579 0.8262534516667932 9.915041420001518
CATLIN micro 119064.0 913 16.835230781098225 1.4007052190049893 1.2512787333160345 0.38033883660053647 0.8400122510612531 11.760171514857543
CATLIN micro 86371.0 1055 18.954593761981208 0.8777082197237762 1.3000428907907637 0.2736281074141768 0.7863303643974161 10.22229473716641
CATLIN micro 39193.0 443 12.631569359640649 1.0369910979170749 1.1345458576686704 0.3089891310453582 0.8038338637430006 10.449840228659008
CATLIN micro 27283.0 846 11.853938843936485 0.9758752546890647 1.1090362293067522 0.2957595222807935 0.7933014795567588 8.726316275124347
CATLIN micro 38296.0 468 12.150190350152059 0.8451134139190163 1.118932039321773 0.2660230661727944 0.762146212790095 9.14575455348114
CATLIN micro 14827.0 404 16.957617007797243 0.6098378119830201 1.2542487048798112 0.20678212391452092 0.7723313700334122 9.267976440400947
CATLIN micro 350651.0 715 17.913985874198556 0.8709523972056376 1.2767830603500565 0.2720627378506711 0.7596593943908497 12.154550310253596
CATLIN micro 86901.0 882 13.216884250898305 1.0276823395862282 1.152804427553495 0.3069999186244912 0.7922036795812578 10.298647834556352
CATLIN micro 77504.0 419 7.317035091123023 0.581417306101533 0.919968533856712 0.19904648715104517 0.6679101773648203 8.014922128377844
CATLIN micro 84389.0 498 14.675230089477557 1.0013392522644184 1.1952139243580686 0.30132071327294335 0.783006754982648 10.962094569757072
CATLIN micro 4117.0 162 11.012344522794585 1.2699222805065413 1.0796277795877902 0.35601098771075573 0.8210279711177572 8.210279711177572
CATLIN micro 53939.0 781 21.18716392854145 1.247800440711481 1.346101792141801 0.35175775202831167 0.8239798575168142 10.711738147718584
CATLIN micro 2535.0 238 9.347030562477705 1.535146122333391 1.0148157318835949 0.4040029965270125 0.8526830783489334 7.674147705140401
CATLIN micro 30772.0 395 9.289105126730462 0.9368560924655819 1.012377604556118 0.28709735403359693 0.7684909525705222 9.221891430846267
CATLIN micro 14094.0 294 11.449745819688495 1.201263341282234 1.095160484746328 0.3426720011287451 0.7958657440256036 8.75452318428164
CATLIN micro 22911.0 532 7.838673676200825 1.255873895401361 0.9463871000443849 0.35331481868805886 0.8092123928757651 8.901336321633416
CATLIN micro 5613.0 328 12.93578382239767 1.9217836486134448 1.144131400761465 0.4656480542772593 0.8668527678540269 8.668527678540269
CATLIN micro 14946.0 284 9.057441256027072 1.1515075168929152 1.0024875046032002 0.3327428677503946 0.7941750381201609 8.73592541932177
CATLIN micro 19143.0 97 9.328381978037106 1.5749594946230703 1.0140322912148012 0.41077040176554114 0.8244706746379372 10.718118770293184
CATLIN micro 26315.0 197 7.775348623339855 1.6584844629669888 0.9432643789481456 0.4246341265018357 0.8217381396072807 9.860857675287368
CATLIN micro 13330.0 165 11.462493857862844 1.121221260465482 1.095604957277832 0.3265859712923529 0.8083574984640349 9.70028998156842
CATLIN micro 52235.0 237 11.608502864241942 1.0387755218608885 1.1006635214343699 0.30936941068057033 0.7749286449117545 10.849001028764564
CATLIN micro 6169.0 72 8.204599508617187 1.5724914590727455 0.9640048971331985 0.41035394153603144 0.826462679074532 9.917552148894384
CATLIN micro 29536.0 154 8.680226764973568 1.3258725930010673 0.9858855310297978 0.3665859211954987 0.7939378075120447 10.321191497656582
CATLIN micro 27174.0 118 10.645266798270892 1.3419310646628788 1.0661494428655054 0.36957410735584245 0.8177100082184795 11.447940115058714
CATLIN micro 35419.0 249 10.204719548210312 1.6950518826872885 1.0494009907069581 0.4305671302455434 0.8441231281257878 10.973600665635242
CATLIN micro 9452.0 231 12.917786981293318 1.5305487380252194 1.1435701851151086 0.4032147061781306 0.8556031649019906 10.267237978823887
CATLIN micro 40870.0 213 7.077380684835807 1.0017967373084302 0.9072705515488424 0.3014199770659046 0.7420129337199942 8.904155204639931
CATLIN micro 12274.0 201 9.613170634672992 1.4866482803714653 1.0258451467135574 0.3956143615883672 0.8429682364461609 10.115618837353932
CATLIN micro 28256.0 246 10.558035021684706 1.4205693862490933 1.0628840060761482 0.38391753631927444 0.8230343318876885 10.69944631453995
CATLIN micro 10829.0 151 10.008493058601125 1.2739309850431864 1.041727872911264 0.35677727949430466 0.8072868205884571 9.687441847061486
CATLIN micro 52258.0 221 11.82440287135656 0.9881039573228598 1.1080371526756916 0.2984390897752086 0.7743550049516726 10.840970069323417
CATLIN micro 13604.0 150 8.188058198494748 1.1958889465499736 0.9632237374160093 0.3416103726086117 0.7955800630149561 9.546960756179473
CATLIN micro 20141.0 130 6.933489454661782 1.3223183744540443 0.8994642488029393 0.36592175837856955 0.7745337216857647 9.294404660229176
CATLIN micro 21082.0 148 7.963255563953376 1.3678535706679662 0.9524657793787861 0.3743548418780879 0.7921038113594042 9.505245736312851
CATLIN micro 27046.0 152 9.510103725862317 1.07446565659554 1.0216070021697592 0.3169062493484054 0.766927553626341 9.970058197142434
CATLIN micro 803770.0 723 15.27753353137735 0.4566888037968746 1.2115885986573711 0.16336678222360318 0.6759781632388504 10.815650611821606
CATLIN micro 81207.0 513 14.709984102106977 1.062886155090479 1.1961757455510678 0.31447526113831814 0.7957817067784504 11.140943894898305
CATLIN micro 16758.0 600 17.64909819957638 1.1967216876188456 1.270657835800637 0.3417750377180501 0.8412030084572834 10.0944361014874
CATLIN micro 165909.0 985 19.563129836632562 1.2781647328722316 1.3130892176835876 0.3575851244800145 0.8372347461983658 12.558521192975487
CATLIN micro 84430.0 729 17.59235868258568 1.270355333814248 1.2693344891722158 0.35609383403798645 0.8314601492204129 11.64044208908578
CATLIN micro 41085.0 475 16.06402986510755 0.5396847863623602 1.2320816025351404 0.18743181852767363 0.7392901318899681 9.610771714569585
CATLIN micro 174597.0 910 19.103061942667814 1.2221438492652563 1.3032622108298488 0.34677216933032456 0.8304076930924796 12.456115396387194
CATLIN micro 55219.0 908 19.59216396786218 0.8392407872178665 1.3137019877020288 0.26463858933301476 0.7964852565583211 10.354308335258175
CATLIN micro 79337.0 745 17.48776155890652 1.2609960788338996 1.2668843313071123 0.354299809164344 0.8342485324946457 11.67947945492504
CATLIN micro 53888.0 617 15.920352437728118 0.7617211717273138 1.2284094048121328 0.24593717356383615 0.7586945068742946 9.86302858936583
CATLIN micro 102547.0 796 19.79803653414013 1.2516293048494105 1.3180223367589987 0.35249689234718545 0.8243206426400549 11.540488996960768
CATLIN micro 41454.0 537 17.371150713900466 0.8637692389216141 1.26413636006441 0.2703921395271114 0.7834986838046196 10.185482889460054
CATLIN micro 888135.0 975 21.815402955738687 0.8452139755850432 1.3582281434969485 0.26604673527965006 0.7606749910985532 12.931474848675403
CATLIN micro 40855.0 300 10.473104490498969 0.5242457826401133 1.0596809489094718 0.1830550020678065 0.7290048567312591 9.477063137506368
CATLIN micro 243717.0 708 17.533017771824312 0.9463735250581964 1.2679461421975313 0.2892261886070345 0.7757100464577423 11.635650696866135
CATLIN micro 19835.0 700 17.02397273256217 0.9799519718714929 1.2558505216969804 0.29665465561296167 0.8018441511180684 8.820285662298753
CATLIN micro 121930.0 582 17.639612658627904 0.9034134360899755 1.2704368832342525 0.2795331306469437 0.7838964952028629 11.758447428042944
CATLIN micro 54143.0 755 23.75593933059359 0.7830727924143488 1.3936794096961396 0.2511690732362483 0.7918858914229427 10.294516588498256
CATLIN micro 108148.0 532 15.139034830035266 1.0136540965282148 1.2078775588542436 0.30398486995593593 0.7833498207513719 10.966897490519207
CATLIN micro 38644.0 655 12.243980388007325 0.9199414969040403 1.122018528967187 0.28328799539165045 0.7851789282496829 9.422147138996195
CATLIN micro 971014.0 920 14.436681484179172 0.8529285118750595 1.1885539431492576 0.26785866405873127 0.7504501273244992 12.757652164516488
CATLIN micro 27728.0 171 5.706209699077143 1.8236468235433316 0.8264771294280502 0.45081037503618515 0.824516212863935 9.89419455436722
CATLIN micro 32212.0 308 7.993227016021428 1.6534739292559655 0.953915556447044 0.42381482498372164 0.8279522217767127 9.935426661320552
CATLIN micro 67892.0 448 8.00934035566485 1.1667440059202028 0.9546929940442976 0.33580760380546854 0.7962979255518945 10.351873032174629
CATLIN micro 110820.0 505 16.655151969995718 0.9550268888291725 1.2468714601855222 0.2911527349236138 0.7924243427244183 11.886365140866275
CATLIN micro 11140.0 401 11.317312321386048 1.6227607538204532 1.0905159536619966 0.4187586763949902 0.8534580654749149 9.388038720224063
CATLIN micro 19768.0 419 12.600314357344422 1.3378291917861205 1.1335489467586155 0.3688127772387291 0.8325557676032741 9.99066921123929
CATLIN micro 43361.0 743 15.68068429608733 1.0754807201528593 1.222213862843618 0.3171187034239502 0.7954441119172305 9.545329343006767
CATLIN micro 84314.0 415 7.3264705096682405 1.063425645732313 0.9204609482249245 0.31458882396218196 0.7711217332917679 10.024582532792984
CATLIN micro 85268.0 1060 16.047272344746826 1.3010312649893834 1.2316548994345828 0.3619225196334932 0.8268322993338342 10.748819891339844
