SED micro 7138.0 163 11.93128589219312 1.6110199040696256 1.1116417134431424 0.4168101825064595 0.8482824094512633 10.17938891341516
SED micro 5689.0 133 10.834447922805788 1.480939887296158 1.0731480028927785 0.3946162415266035 0.810144822248364 8.911593044732005
SED micro 4480.0 135 10.949261772223116 1.6460263909877304 1.0773410753131685 0.4225941714475463 0.83952093480258 9.23473028282838
SED micro 4599.0 109 9.182387002038464 1.6423367437053604 1.007849599247752 0.4219881640028641 0.8260807540596967 9.086888294656664
SED micro 5467.0 179 12.93795911396305 1.6447210068766487 1.144199186212988 0.4223798648155799 0.8553831834013544 9.4092150174149
SED micro 5007.0 115 10.036260744967958 1.624957209442406 1.0428219526591813 0.4191222281783527 0.825905663851528 9.084962302366808
SED micro 8818.0 173 11.930540535725976 1.770928243387223 1.111616680083513 0.44262527933529044 0.8402930824220508 10.08351698906461
SED micro 6137.0 127 10.440340785837597 1.4531294167507216 1.0584389614503986 0.3897204603540047 0.8246448103853484 9.071092914238832
SED micro 8419.0 176 12.526146033087443 1.7003378283875832 1.1311740719124566 0.431418100391057 0.8528706877658339 10.234448253190006
SED micro 7288.0 169 12.099408821102019 1.5004072978295047 1.1172516963025874 0.39801075778893974 0.8142772073627463 8.95704928099021
SED micro 7097.0 182 12.809623112839727 1.6005377261315181 1.1401818261349286 0.4150631584884313 0.8424174353295867 10.10900922395504
SED micro 8326.0 137 10.873227246067287 1.4673066747825336 1.0745687800044117 0.39222313363573386 0.8219098936511967 9.86291872381436
SED micro 7271.0 153 11.928194214938145 1.5173634113955083 1.1115378677066856 0.4009459156560454 0.8359158168093804 10.030989801712565
SED micro 22984.0 246 14.03611318939121 1.3464524792817323 1.1771355863516304 0.37041176323860503 0.823023730604931 10.699308497864102
SED micro 23527.0 184 12.1620935100251 1.5460953932524897 1.1193249719178324 0.4058746711114552 0.8337243126876521 10.838416064939478
SED micro 20573.0 155 10.727044742146148 1.4916919200995034 1.0691885821170424 0.3964943438972539 0.8278422173751636 10.761948825877127
SED micro 54681.0 257 13.464613708753411 1.6525757229792721 1.1603068398922678 0.4236677905385613 0.8483666661473729 11.87713332606322
SED micro 18785.0 201 12.666775196201348 1.4275890680839145 1.1356660507994063 0.3851751731084599 0.8311177359450282 10.804530567285367
SED micro 19419.0 177 11.331808539353363 1.5430708696159747 1.0910267733567882 0.40535846314632945 0.8236739908260967 10.707761880739257
SED micro 14070.0 210 12.393522581972324 1.390293071052479 1.1268948142574475 0.3784511525539137 0.8115204180687603 9.738245016825124
SED micro 17292.0 260 14.438778149219582 1.2414505870069528 1.1886129265664866 0.35052916924385635 0.8287916300336611 10.774291190437594
SED micro 18639.0 261 14.691434097059874 1.0948368053158293 1.1956626371483032 0.32115019565008496 0.8095969576308637 10.524760449201228
SED micro 19298.0 259 13.532887212452955 1.07013123326483 1.162351903071147 0.31599787786087585 0.7882971251923352 10.247862627500357
SED micro 18001.0 245 13.505356661359619 1.0624128224701213 1.1615284118119724 0.3143756001211912 0.8002949196834666 10.403833955885066
SED micro 22368.0 238 12.965335825828282 1.434580951518361 1.1450513836854654 0.38642421971708474 0.8319474053017021 10.815316268922126
SED micro 16992.0 221 13.44139186400651 1.4701795852978408 1.1596090526329803 0.3927285281862735 0.8318636617462916 10.81422760270179
SED micro 21166.0 195 12.117932476686212 1.3788787618406753 1.117865391082097 0.3763723090379874 0.809646356424811 10.525402633522543
SED micro 10759.0 150 11.034305359827636 1.4420757170136507 1.0804210271328363 0.3877591251991299 0.8162311561405672 9.794773873686806
SED micro 27175.0 139 10.571171180979917 1.6821506656761616 1.0633773184759538 0.42848317002338326 0.8384486312612713 11.738280837657799
SED micro 35587.0 135 10.412876255374668 1.581562292527062 1.0573951084340905 0.41188260893945655 0.8271148242460551 11.57960753944477
SED micro 18328.0 145 10.956449489098524 1.6276515533264078 1.0776022334804713 0.4195677739391927 0.8411156451574688 10.934503387047094
SED micro 29095.0 168 12.11169210122577 1.7528572076282134 1.1176587422472608 0.4397836848595681 0.8387154566285558 11.742016392799782
SED micro 34918.0 209 13.571449699073401 1.787111980457182 1.163502761446586 0.4451544181276009 0.8692271547204247 12.169180166085946
SED micro 38036.0 137 10.73476803585563 1.4033678998896961 1.0694745092099778 0.3808202563063119 0.7963910222155809 11.149474311018132
