HYDRO micro 3456.0 26 3.7581102214065356 0.685423673377751 0.677434498229664 0.22670908970692588 0.597720607034271 5.97720607034271
HYDRO micro 3888.0 34 1.9275005573789608 -0.023734413901201738 0.4664969864315345 0.010187302794623774 0.5176515122566403 4.658863610309763
HYDRO micro 4886.0 29 2.784286445150487 0.6281721325519042 0.5779840021589104 0.21170031717827129 0.6036090477865795 6.036090477865796
HYDRO micro 206.0 19 3.352540408597202 0.24651746145014564 0.6387428117593454 0.0956983665608745 0.6129168924598766 3.6775013547592597
HYDRO micro 3236.0 31 3.6374746198794354 0.6892436077732805 0.6662815458087685 0.2276922841966611 0.6690205488728951 6.690205488728951
HYDRO micro 771.0 34 2.298125790561916 0.14100916436923552 0.518267215621752 0.05728913260314506 0.5970815922035614 4.17957114542493
HYDRO micro 1840.0 43 3.2870300192469077 0.31626978268030304 0.6321565245994214 0.11934491140670919 0.588422998459073 4.707383987672584
HYDRO micro 4232.0 26 2.487230348140218 -0.11163466696885231 0.5424806355383274 0.04596208204066582 0.49867311902952327 4.986731190295233
HYDRO micro 2996.0 21 1.7722068331504115 -0.03947164019121688 0.44282562967168004 0.016812645012869557 0.43646948201679986 3.928225338151199
HYDRO micro 5221.0 29 3.100645933059879 1.2512056638428088 0.6128522721022441 0.35241517274018364 0.6215175731445248 6.215175731445248
HYDRO micro 3281.0 10 1.2852563186721813 -1.0722172167772752 0.3589349184285811 0.31643527766743473 0.3375151690339636 3.375151690339636
HYDRO micro 2882.0 24 1.8028412194404153 0.3762425474058523 0.4475984957360117 0.1386949802055828 0.531374766256085 4.782372896304765
HYDRO micro 2396.0 23 1.8362819675503388 0.2335039599963366 0.45274940382555223 0.09114054807123256 0.5368151814054677 4.831336632649209
HYDRO micro 1949.0 24 1.9427442648814746 -0.04016843891044283 0.46875252197843814 0.017103672150807787 0.4812614467298276 3.850091573838621
HYDRO micro 1595.0 23 2.508464128561327 0.740102617086602 0.5451170405491683 0.24057486019085458 0.6543393559475492 5.889054203527943
HYDRO micro 3128.0 20 2.291686455479877 0.4950541571377674 0.5174184604587992 0.174656924914685 0.6082700261924312 6.0827002619243125
HYDRO micro 3967.0 19 2.208814538005264 -0.0030167676180839526 0.506344616612945 0.0013081932628310595 0.49403451831111084 4.940345183111108
HYDRO micro 795.0 16 2.386495196195266 0.4410101075807088 0.5297504638882333 0.1586670270673773 0.569459092121865 4.55567273697492
HYDRO micro 1056.0 11 2.6468013402593242 0.3376716795501022 0.5619121057379445 0.12634953252242592 0.5239927271420224 4.715934544278201
HYDRO micro 1309.0 18 3.4388817464593764 0.3120989363957802 0.6472735754051289 0.11796658344723476 0.5655941801054327 5.0903476209488945
HYDRO micro 758.0 24 1.5212908761502408 0.03847353247314955 0.4016229522292846 0.01639543216881461 0.5171035522274755 3.619724865592328
HYDRO micro 5260.0 18 2.198987044543559 -0.6032816088299444 0.5050124812548992 0.2050098108254243 0.4375343256363565 4.375343256363565
HYDRO micro 2825.0 11 1.518048804063318 -0.5416593135655959 0.40106414321822637 0.1879884109485767 0.4152424240615497 4.152424240615497
HYDRO micro 3226.0 24 1.798459111987174 -0.028603494898558575 0.44691896585483665 0.012247995595201762 0.49216880699190735 4.429519262927166
HYDRO micro 2927.0 23 2.585171870288535 -0.3329941571155334 0.5545099802349873 0.1248282457844191 0.44036892103648906 3.9633202893284016
HYDRO micro 3268.0 22 3.898956364485552 0.5462100210210801 0.6901035711673865 0.18926848361573784 0.5947251253005873 5.947251253005873
HYDRO micro 2495.0 20 2.396139968104667 0.16671193622424343 0.5309855809013734 0.0669636410057239 0.4880298462828091 4.392268616545282
HYDRO micro 4500.0 26 1.9115754409234351 0.09423239526155544 0.46412804745874114 0.03910956812292584 0.47876810390607993 4.308912935154719
HYDRO micro 5377.0 34 2.7024627725982486 0.1474780564659517 0.568490700485228 0.05974438915755853 0.5435884959929344 5.435884959929344
HYDRO micro 80.0 10 0.6239225477972075 -0.24368075497828484 0.21056531193322112 0.0947089140006147 0.4486215058673073 1.7944860234692293
HYDRO micro 2011.0 13 2.052997296897605 -0.21860931084421759 0.4847264197775436 0.08586449204942007 0.511419682267955 4.602777140411595
HYDRO micro 2820.0 17 2.354140299337972 0.19339450429658026 0.5255812246248496 0.07678403354229661 0.5671457526596334 5.671457526596334
HYDRO micro 106.0 11 0.8944105339917691 -0.047655327346195896 0.277474099971974 0.020218425727482003 0.4182312992421833 1.672925196968733
HYDRO micro 1954.0 22 1.7231585272490204 -0.1262600985520261 0.43507292430194805 0.051638698083241764 0.43277875270463884 3.4622300216371107
HYDRO micro 4936.0 22 2.744358872612524 0.2569018275217591 0.5733774663818187 0.09930135769343483 0.5673266991625023 5.673266991625024
HYDRO micro 557.0 17 1.3435800644844256 0.31400503705334537 0.36987979505265295 0.11859703003371637 0.48673978899664466 3.407178522976513
HYDRO micro 2109.0 22 1.6057220531837455 -0.01010873781412404 0.41592808858059 0.004368127931872179 0.454824301814199 3.638594414513592
HYDRO micro 5787.0 24 2.3153009542679257 -0.018428540322615997 0.5205229586367978 0.007930561434037321 0.5093057291742301 5.093057291742301
HYDRO micro 2599.0 29 2.4226453538407995 0.00126450174815061 0.5343619009347433 0.0005488192132338535 0.5204855034230366 4.684369530807329
HYDRO micro 1486.0 17 1.4386841673447033 0.24807132638695487 0.38715555871428053 0.09623940567581613 0.5085898010861232 4.068718408688985
HYDRO micro 3353.0 19 2.014223842932184 -0.08015790475022105 0.479175500845407 0.03348724821741967 0.5294554865443482 5.294554865443481
HYDRO micro 1058.0 11 2.328482399168868 0.8583992221597737 0.5222462647685224 0.2691390150165716 0.5772170752940061 5.194953677646055
HYDRO micro 214.0 12 1.2988102672799617 0.4227908419598125 0.3615031281750208 0.1531410611109323 0.5603865881182553 3.3623195287095315
HYDRO micro 900.0 21 1.6874199724734635 -0.08489149786972137 0.42933554044713906 0.035386305711965854 0.4588413511482151 3.211889458037506
HYDRO micro 3421.0 23 2.5254577087172794 -0.24890738507702537 0.5472155092610028 0.09653023369733404 0.5054027145245157 5.054027145245157
HYDRO micro 9028.0 22 3.2439934987042003 0.013988777281663629 0.6277747099420614 0.0060331482994694235 0.4775239658134844 5.252763623948328
HYDRO micro 4049.0 27 1.7712816670838467 -0.2542686535446001 0.44268066877881757 0.09839056859653798 0.43152807931959786 3.8837527138763805
HYDRO micro 852.0 15 2.409582313720125 0.018429609157602445 0.5327011795915965 0.007931017223397745 0.5142827285232993 4.114261828186394
HYDRO micro 4008.0 18 1.713484339896658 -0.4104715507281354 0.4335273195156082 0.14936433084134026 0.4449929531025715 4.449929531025715
HYDRO micro 616.0 13 1.8515042820826553 -0.27894955882699135 0.45507402809838965 0.10685341644497111 0.4616565229907183 3.231595660935028
HYDRO micro 5993.0 11 1.3149714439509743 -0.7147901493690463 0.3645456382001895 0.23421098003631247 0.3761765906395018 4.13794249703452
HYDRO micro 4606.0 23 2.850347138008404 -0.37711119742739907 0.5854998862163501 0.13896900959558553 0.47459066074858247 4.745906607485825
HYDRO micro 581.0 10 2.2564151104373193 0.4105273525612175 0.5127397612912552 0.1493815122930328 0.46811973268057483 3.7449578614445986
HYDRO micro 1335.0 11 2.2292387549904857 0.2854411295781593 0.5091001559312593 0.10905219168692867 0.5134724257421871 4.621251831679684
HYDRO micro 3839.0 10 1.3319135683518406 -0.6575088188587299 0.3677124493959415 0.21945584776851165 0.36740796554730704 3.6740796554730704
HYDRO micro 3805.0 16 1.9343327973774425 0.04388000156965439 0.46750936781273517 0.018650577544191912 0.46160322123976905 4.61603221239769
HYDRO micro 1532.0 10 1.5292186250481605 -0.2289185960740036 0.4029863712772943 0.0895231160461406 0.42300239891926633 3.807021590273397
HYDRO micro 8885.0 18 2.8457530902559642 -1.188442995619937 0.5849813976919581 0.3401352386301322 0.332595940468979 3.658555345158769
HYDRO micro 4815.0 99 5.976744387711592 1.3628275872757312 0.8436528116935003 0.37343203283568305 0.7679218237607195 7.679218237607195
HYDRO micro 4934.0 25 3.6663119986692463 0.4991473824427839 0.6689737731997915 0.17584433080372813 0.6294585021448356 6.924043523593191
HYDRO micro 3147.0 47 3.0355148121227744 -0.12837362089046014 0.6058989457005763 0.052452924669058675 0.5476292432283196 4.928663189054877
HYDRO micro 3022.0 97 3.3291812479116576 0.4068517472040891 0.6364057686082835 0.1482483342766018 0.6362660903992493 5.0901287231939945
HYDRO micro 2063.0 92 2.780460979258528 -0.09623420161134369 0.5775447597689142 0.03990334758052256 0.550659183640579 3.854614285484053
HYDRO micro 5798.0 139 7.477356721981738 0.6233185252700357 0.928260458387777 0.2104037448381895 0.7098494386854763 7.098494386854764
HYDRO micro 3439.0 115 5.630329129343783 0.6520642208476835 0.8215350873052307 0.21802692568270785 0.7222415022728484 6.500173520455636
HYDRO micro 9681.0 73 6.164580105143076 0.7270564382177894 0.8551907427636537 0.23730653004346197 0.7026041328331849 7.7286454611650335
HYDRO micro 3724.0 121 3.4190503916542987 0.446294306015071 0.6453289539706699 0.16025667641140726 0.6468372847268937 5.17469827781515
HYDRO micro 4978.0 79 3.4919606091695004 0.6011734093592105 0.6524359391977613 0.20443836917697542 0.6227320436688016 5.604588393019215
HYDRO micro 7147.0 41 4.4089307323181055 0.5802136713271663 0.7331114198290783 0.19871581480520858 0.6749300552651188 7.424230607916307
HYDRO micro 6781.0 31 3.360528786006401 0.1518681293209961 0.6395391578281664 0.061402762085121874 0.4840436920539032 5.324480612592935
HYDRO micro 5206.0 30 4.634429888746994 0.5681354255770897 0.7508499791758875 0.19538356602770898 0.6621556491631949 7.283712140795144
HYDRO micro 9395.0 26 3.157066242379762 0.4448249868369646 0.6187869449947364 0.1598152437332589 0.6401315449396514 7.681578539275817
HYDRO micro 2918.0 84 3.771899690086677 0.7478875236561104 0.6786913058072498 0.2425134824018517 0.6784535218142277 5.4276281745138215
HYDRO micro 1885.0 68 3.6058216800663923 0.613254383841149 0.6633071197197633 0.2077028539281995 0.6746849456990098 5.397479565592079
HYDRO micro 2796.0 61 6.129762885841822 0.9250187397616983 0.853075086782747 0.28443496165516036 0.7473958625569633 7.473958625569633
HYDRO micro 3339.0 105 4.790460457774339 0.9059793066801952 0.7627131002247334 0.2801181811693646 0.7364669415648243 6.628202474083419
HYDRO micro 3801.0 70 6.06174373916822 0.8679242065710326 0.848911953571956 0.2713592501939813 0.7272218458724243 7.272218458724243
HYDRO micro 4448.0 135 9.622437627900844 0.6598368074562496 1.02622418970855 0.22006539098872027 0.735500281815689 7.3550028181568905
HYDRO micro 6371.0 51 5.715466915232203 1.214613103164785 0.8270762138266651 0.3452978651698936 0.7248017972203429 7.972819769423772
HYDRO micro 5442.0 32 3.7444229972855942 0.7497224285664275 0.6761834023624169 0.24296915879879746 0.6663533910034083 7.329887301037491
HYDRO micro 5391.0 52 5.887295483141792 0.8463684254874447 0.8380487157637664 0.2663183647242185 0.7165042064020419 7.8815462704224615
HYDRO micro 5301.0 62 4.953994751010832 0.7557687774165331 0.7748084474406965 0.24446732176141414 0.6863655453803712 6.8636554538037124
HYDRO micro 3914.0 43 3.208945890922942 0.6465104292057705 0.6241733426107839 0.21656448593293848 0.6656265031055366 6.656265031055366
HYDRO micro 6401.0 59 5.149986649197567 0.6138415288116658 0.7888741729809258 0.2078608869278303 0.6917838859622453 7.609622745584698
HYDRO micro 3851.0 69 5.526880511877815 0.33466459343299315 0.8147056621050283 0.12537213946625736 0.6739873732479158 6.7398737324791576
HYDRO micro 5124.0 62 6.49155507881866 1.0445965408101605 0.8745719768516694 0.310607621689703 0.7697921450745898 8.467713595820488
HYDRO micro 10483.0 33 3.367289266456712 0.6375583016408684 0.6402119582747693 0.21419677103339438 0.6583415620132688 7.900098744159225
HYDRO micro 7176.0 45 3.870060030517952 0.17936156779458998 0.6875343145538563 0.07164697118921054 0.5827818707828152 5.827818707828152
HYDRO micro 7416.0 71 5.235715620910902 1.8992937052016103 0.7948863010188374 0.4622922126255601 0.7984179058406743 8.782596964247418
HYDRO micro 5921.0 50 4.066191389593658 0.9393775247815771 0.7046815924569698 0.2876623583155401 0.6862115444150514 6.862115444150514
HYDRO micro 2230.0 31 4.356148302097928 0.8808061564418013 0.7288525933383139 0.27434403769510846 0.7151070434756107 7.151070434756107
HYDRO micro 6160.0 48 4.880896892890388 0.5778963575744562 0.7694435651797471 0.19807847364416648 0.6710949326366387 7.382044259003026
HYDRO micro 4220.0 80 5.527583937202185 0.6973945071885768 0.8147524650571206 0.22978279245501468 0.7225618684970201 7.2256186849702
HYDRO micro 6355.0 87 5.703075619049898 0.9937381812627675 0.8262741188045651 0.29966812594228376 0.73582076215771 7.358207621577099
HYDRO micro 3353.0 64 2.7966377204185435 0.6802394885228363 0.5793991582329004 0.22537118716116192 0.6502056113702126 5.201644890961701
HYDRO micro 4285.0 87 5.758964134091257 0.8990773303735305 0.8298801419002794 0.27854264955572505 0.75942145763373 7.594214576337301
HYDRO micro 5512.0 138 7.559792759604341 0.881680172851963 0.932463250138627 0.2745458087994436 0.7372223288454366 7.372223288454366
HYDRO micro 6088.0 120 5.554490377652751 0.689557990215018 0.816538930232468 0.2277731025318538 0.7144999579873474 7.144999579873474
HYDRO micro 3229.0 47 3.988163707384597 0.6324736202764716 0.6979406982241251 0.21284617208436885 0.6416744042133278 5.77506963791995
HYDRO micro 6824.0 141 6.726406964651308 1.1996408601053048 0.8879775795333198 0.3423517784554889 0.7761369495777245 7.761369495777245
HYDRO micro 8912.0 57 6.694948754784401 0.9423709067361913 0.8862057319532721 0.2883321644844565 0.7604088150101259 9.12490578012151
HYDRO micro 10452.0 46 5.884272216073855 0.6613092094361557 0.8378580347527597 0.22045047258023087 0.6601716381166672 7.922059657400007
HYDRO micro 7412.0 85 2.8747639461140304 -0.07132983857960207 0.5882452500622638 0.02992320101064722 0.5194116832561043 4.6747051493049385
HYDRO micro 5366.0 40 4.398323813207344 0.6946103411055949 0.7322589317342524 0.22906985229592822 0.6945818204667208 7.640400025133928
HYDRO micro 17663.0 45 5.494422560352463 0.950884714281318 0.8125405426298323 0.2902316059240946 0.727117329437238 9.452525282684093
HYDRO micro 10844.0 134 7.69963605244553 1.2017998382538717 0.9395010843748512 0.3427778354835988 0.7707233923013009 8.47795731531431
HYDRO micro 6350.0 55 5.041910077385811 0.8223925065355236 0.781174257318302 0.2606419209706687 0.7203989486824931 7.924388435507424
HYDRO micro 5975.0 66 5.0949021954331695 0.44867893467842623 0.784966740910187 0.16097214506552315 0.6544200003249624 6.544200003249624
HYDRO micro 8379.0 32 2.1579799590605 0.5610067911529331 0.49940936959341087 0.19340479246269232 0.5715167246052991 5.715167246052991
HYDRO micro 2794.0 80 7.269067673351278 0.5036193945302104 0.9174565461735584 0.17713791885284647 0.6839619414815185 6.155657473333666
HYDRO micro 6470.0 115 9.703541337124099 0.5486211010269185 1.0295274906494678 0.1899451725286488 0.733625756374214 8.069883320116354
HYDRO micro 4230.0 27 2.0117513115960715 0.7887750110216778 0.47881910814602446 0.25255571920543596 0.6613593793664074 6.613593793664075
HYDRO micro 6220.0 49 5.294897263692422 0.4971425325236487 0.7989886465684939 0.1752631484671892 0.6687222145402395 7.355944359942635
HYDRO micro 2808.0 43 3.2145790472540026 0.5958132831427562 0.6247542037331594 0.20298207570861065 0.6552044288447609 5.896839859602848
HYDRO micro 5734.0 67 6.293004049198611 0.6899790603396867 0.862906454690672 0.22788132352771723 0.7278585624907067 8.006444187397774
HYDRO micro 5359.0 45 3.7852391897958166 -0.04542303138656118 0.6799036508301499 0.019292063672496397 0.5298990916137261 5.29899091613726
HYDRO micro 3904.0 38 4.420575712293503 1.1275520536456245 0.7340454148398909 0.32788019453077527 0.6938224186129612 6.938224186129612
HYDRO micro 6783.0 33 3.796831759567474 0.25388815769622297 0.6809544866183272 0.09825880071993287 0.5705207530508871 6.275728283559758
HYDRO micro 1829.0 36 3.0267919176789793 0.8771684054994544 0.6049591882519199 0.2735032360195131 0.7087804362842198 6.379023926557978
HYDRO micro 5378.0 48 5.730315210960403 1.2196278720959994 0.8280354046660271 0.34628016965694686 0.7538205787508233 8.292026366259057
HYDRO micro 9162.0 68 4.368009910270131 1.0784513147733021 0.7298133089440316 0.31773985613454225 0.7287337800315147 8.016071580346662
HYDRO micro 10545.0 85 5.701648265405808 0.95826329194706 0.8261816302432133 0.2918710830505544 0.7011374726534844 7.712512199188328
HYDRO micro 10209.0 43 5.87763018924165 0.9144404481245463 0.8374388200626823 0.2820418614368278 0.6583357157713888 7.9000285892566655
